df_hash,22ZHK4.88EAKA
device,HZ2X61
project_hash,29R7
project_name,istanbul_aydin_university
person_hash,29R7.DTCA
person_label,V13
date_time_start,2025-05-22_10-55-11.049000_+03
date_time_start_unix,1747900511.049
date_time_end,2025-05-22_11-00-22.404000_+03
length_difference_noticed,no

time,ble_sample_counter,ble_sample_amount,ble_packet_counter
5.804,210,74,2
6.214,284,74,3
6.438,358,74,4
6.879,432,74,5
7.267,506,74,6
7.559,580,74,7
7.952,654,74,8
8.242,728,74,9
8.680,802,74,10
9.070,876,74,11
9.363,950,74,12
9.753,1024,74,13
10.192,1098,74,14
10.484,1172,74,15
10.728,1225,53,16
11.020,1283,58,17
11.316,1325,42,18
11.557,1372,47,19
11.703,1417,45,20
12.143,1485,68,21
12.483,1559,74,22
12.873,1633,74,23
13.214,1707,74,24
13.507,1781,74,25
13.954,1855,74,26
14.238,1929,74,27
14.629,2003,74,28
15.067,2077,74,29
15.311,2151,74,30
15.754,2225,74,31
16.139,2299,74,32
16.435,2373,74,33
16.919,2447,74,34
17.260,2521,74,35
17.553,2595,74,36
17.992,2669,74,37
18.238,2743,74,38
18.728,2817,74,39
19.064,2891,74,40
19.358,2965,74,41
19.796,3039,74,42
20.185,3113,74,43
20.480,3187,74,44
20.870,3261,74,45
21.335,3335,74,46
21.599,3409,74,47
21.989,3483,74,48
22.428,3557,74,49
22.673,3631,74,50
23.112,3703,72,51
23.449,3773,70,52
23.843,3845,72,53
24.134,3919,74,54
24.527,3991,72,55
24.914,4065,74,56
25.208,4139,74,57
25.645,4213,74,58
26.036,4287,74,59
26.279,4360,73,60
26.726,4434,74,61
27.010,4508,74,62
27.403,4582,74,63
27.839,4655,73,64
28.132,4729,74,65
28.522,4803,74,66
28.967,4877,74,67
29.253,4951,74,68
29.643,5025,74,69
30.034,5099,74,70
30.327,5173,74,71
30.725,5247,74,72
31.008,5316,69,73
31.523,5390,74,74
31.837,5464,74,75
32.129,5538,74,76
32.568,5612,74,77
32.958,5686,74,78
33.252,5760,74,79
33.645,5834,74,80
34.031,5908,74,81
34.372,5982,74,82
34.762,6055,73,83
35.347,6129,74,84
35.450,6203,74,85
35.883,6277,74,86
36.224,6351,74,87
36.566,6425,74,88
37.004,6499,74,89
37.249,6573,74,90
37.983,6647,74,91
38.318,6721,74,92
38.561,6795,74,93
38.808,6869,74,94
39.053,6943,74,95
39.490,7017,74,96
39.884,7091,74,97
40.269,7165,74,98
40.612,7239,74,99
41.003,7313,74,100
41.294,7387,74,101
41.685,7461,74,102
42.123,7535,74,103
42.419,7609,74,104
42.806,7683,74,105
43.248,7757,74,106
43.540,7831,74,107
43.976,7905,74,108
44.318,7979,74,109
44.610,8053,74,110
45.048,8127,74,111
45.343,8201,74,112
45.779,8275,74,113
46.169,8349,74,114
46.413,8423,74,115
46.852,8497,74,116
47.293,8571,74,117
47.583,8645,74,118
47.973,8719,74,119
48.363,8793,74,120
48.658,8867,74,121
49.094,8941,74,122
49.338,9015,74,123
49.786,9089,74,124
50.206,9163,74,125
50.461,9237,74,126
50.852,9306,69,127
51.142,9380,74,128
51.581,9454,74,129
51.971,9528,74,130
52.312,9602,74,131
52.704,9676,74,132
53.189,9750,74,133
53.394,9824,74,134
53.778,9898,74,135
54.262,9972,74,136
54.506,10046,74,137
54.896,10120,74,138
55.334,10194,74,139
55.581,10268,74,140
56.021,10342,74,141
56.310,10416,74,142
56.748,10490,74,143
57.187,10564,74,144
57.431,10635,71,145
57.821,10708,73,146
58.503,10782,74,147
58.523,10856,74,148
58.943,10930,74,149
59.186,11004,74,150
59.628,11078,74,151
60.016,11152,74,152
60.308,11226,74,153
60.751,11300,74,154
61.184,11374,74,155
61.477,11448,74,156
61.965,11522,74,157
62.306,11596,74,158
62.598,11670,74,159
62.940,11744,74,160
63.378,11818,74,161
63.671,11892,74,162
64.117,11966,74,163
64.353,12040,74,164
64.744,12114,74,165
65.183,12188,74,166
65.475,12262,74,167
65.865,12336,74,168
66.303,12410,74,169
66.549,12484,74,170
66.987,12558,74,171
67.428,12632,74,172
67.668,12706,74,173
68.110,12780,74,174
68.500,12852,72,175
68.790,12926,74,176
69.082,12992,66,177
69.485,13062,70,178
69.910,13136,74,179
70.157,13210,74,180
70.642,13284,74,181
71.061,13358,74,182
71.325,13432,74,183
71.723,13505,73,184
71.958,13577,72,185
72.397,13645,68,186
72.690,13719,74,187
73.199,13792,73,188
73.613,13864,72,189
73.763,13937,73,190
74.211,14011,74,191
74.639,14085,74,192
74.886,14159,74,193
75.325,14233,74,194
75.612,14307,74,195
76.005,14381,74,196
76.451,14455,74,197
76.687,14529,74,198
77.126,14603,74,199
77.518,14677,74,200
77.808,14750,73,201
78.305,14820,70,202
78.491,14894,74,203
78.930,14968,74,204
79.325,15042,74,205
79.612,15116,74,206
80.051,15190,74,207
80.538,15264,74,208
80.733,15338,74,209
81.133,15412,74,210
81.611,15486,74,211
81.855,15560,74,212
82.245,15634,74,213
82.537,15708,74,214
82.976,15782,74,215
83.368,15856,74,216
83.707,15930,74,217
84.048,16004,74,218
84.487,16078,74,219
84.829,16152,74,220
85.170,16226,74,221
85.657,16300,74,222
85.852,16374,74,223
86.291,16448,74,224
86.681,16522,74,225
86.974,16580,58,226
87.275,16654,74,227
87.656,16727,73,228
88.095,16801,74,229
88.393,16875,74,230
88.829,16949,74,231
89.094,17023,74,232
89.460,17097,74,233
89.901,17171,74,234
90.193,17245,74,235
90.581,17319,74,236
91.020,17391,72,237
91.264,17465,74,238
91.705,17539,74,239
91.995,17610,71,240
92.631,17684,74,241
92.823,17758,74,242
93.067,17832,74,243
93.506,17903,71,244
93.972,17977,74,245
94.201,18051,74,246
94.627,18125,74,247
94.873,18199,74,248
95.313,18273,74,249
95.711,18347,74,250
96.001,18421,74,251
96.480,18495,74,252
96.821,18569,74,253
97.114,18643,74,254
97.507,18717,74,255
97.942,18791,74,256
98.236,18865,74,257
98.625,18939,74,258
99.112,19012,73,259
99.307,19086,74,260
99.746,19159,73,261
100.087,19233,74,262
100.438,19307,74,263
100.916,19381,74,264
101.214,19455,74,265
101.550,19529,74,266
102.043,19603,74,267
102.271,19677,74,268
102.671,19751,74,269
102.964,19823,72,270
103.355,19897,74,271
103.792,19971,74,272
104.332,20041,70,273
104.476,20086,45,274
104.619,20122,36,275
104.774,20162,40,276
104.916,20204,42,277
105.020,20238,34,278
105.309,20279,41,279
105.450,20313,34,280
105.598,20354,41,281
105.840,20389,35,282
105.986,20426,37,283
106.143,20462,36,284
106.425,20496,34,285
106.620,20538,42,286
106.961,20612,74,287
107.254,20686,74,288
107.693,20760,74,289
108.180,20834,74,290
108.377,20908,74,291
108.765,20982,74,292
109.057,21051,69,293
109.496,21125,74,294
109.886,21199,74,295
110.179,21271,72,296
110.620,21340,69,297
111.155,21411,71,298
111.252,21485,74,299
111.544,21559,74,300
111.984,21633,74,301
112.421,21707,74,302
112.692,21781,74,303
113.104,21855,74,304
113.493,21929,74,305
113.801,22003,74,306
114.177,22077,74,307
114.615,22151,74,308
114.907,22225,74,309
115.297,22298,73,310
115.590,22372,74,311
115.980,22446,74,312
116.419,22520,74,313
116.714,22594,74,314
117.107,22667,73,315
117.540,22741,74,316
117.783,22815,74,317
118.227,22889,74,318
118.678,22963,74,319
118.912,23037,74,320
119.441,23111,74,321
119.735,23185,74,322
120.036,23259,74,323
120.465,23333,74,324
120.709,23407,74,325
121.245,23481,74,326
121.537,23555,74,327
121.831,23629,74,328
122.268,23703,74,329
122.661,23777,74,330
122.951,23851,74,331
123.343,23925,74,332
123.780,23999,74,333
124.459,24073,74,334
124.564,24147,74,335
124.901,24221,74,336
125.202,24295,74,337
125.632,24369,74,338
125.876,24443,74,339
126.266,24517,74,340
126.705,24591,74,341
126.998,24665,74,342
127.436,24739,74,343
127.826,24813,74,344
128.071,24887,74,345
128.606,24961,74,346
128.947,25035,74,347
129.192,25109,74,348
129.679,25183,74,349
130.020,25257,74,350
130.312,25327,70,351
130.751,25397,70,352
130.996,25471,74,353
131.434,25545,74,354
131.726,25619,74,355
132.116,25689,70,356
132.410,25753,64,357
132.804,25827,74,358
133.286,25901,74,359
133.530,25975,74,360
133.921,26044,69,361
134.212,26117,73,362
134.605,26191,74,363
135.090,26265,74,364
135.334,26339,74,365
135.872,26413,74,366
136.023,26487,74,367
136.410,26561,74,368
136.894,26635,74,369
137.145,26708,73,370
137.528,26781,73,371
137.969,26853,72,372
138.210,26927,74,373
138.844,27001,74,374
139.337,27075,74,375
139.381,27149,74,376
139.818,27223,74,377
140.063,27297,74,378
140.501,27371,74,379
140.891,27445,74,380
141.136,27519,74,381
141.625,27591,72,382
141.872,27662,71,383
142.304,27734,72,384
142.695,27807,73,385
142.941,27881,74,386
143.429,27955,74,387
143.914,28019,64,388
144.112,28089,70,389
144.352,28159,70,390
144.840,28233,74,391
145.111,28307,74,392
145.475,28381,74,393
145.864,28455,74,394
146.156,28529,74,395
146.595,28603,74,396
146.985,28677,74,397
147.278,28751,74,398
147.716,28825,74,399
148.106,28899,74,400
148.400,28973,74,401
148.791,29047,74,402
149.227,29121,74,403
149.520,29195,74,404
149.960,29269,74,405
150.443,29343,74,406
150.593,29417,74,407
151.035,29491,74,408
151.421,29565,74,409
151.714,29639,74,410
152.153,29713,74,411
152.396,29787,74,412
152.835,29861,74,413
153.229,29935,74,414
153.519,30009,74,415
153.959,30083,74,416
154.384,30157,74,417
154.688,30231,74,418
155.078,30305,74,419
155.321,30379,74,420
155.760,30453,74,421
156.200,30527,74,422
156.477,30601,74,423
156.837,30675,74,424
157.320,30749,74,425
157.465,30795,46,426
157.710,30844,49,427
157.807,30876,32,428
157.954,30908,32,429
158.247,30940,32,430
158.393,30978,38,431
158.539,31010,32,432
158.686,31043,33,433
158.783,31079,36,434
159.124,31112,33,435
159.225,31144,32,436
159.368,31177,33,437
159.514,31218,41,438
159.758,31253,35,439
160.057,31314,61,440
160.350,31382,68,441
160.735,31455,73,442
161.171,31529,74,443
161.464,31603,74,444
161.707,31663,60,445
162.004,31719,56,446
162.293,31773,54,447
162.537,31831,58,448
163.073,31881,50,449
163.414,31937,56,450
163.432,31993,56,451
163.658,32055,62,452
164.097,32117,62,453
164.243,32153,36,454
164.340,32185,32,455
164.572,32220,35,456
164.634,32255,35,457
164.927,32288,33,458
165.073,32321,33,459
165.217,32358,37,460
165.315,32390,32,461
165.608,32430,40,462
165.754,32475,45,463
166.191,32539,64,464
166.436,32599,60,465
166.729,32664,65,466
167.119,32738,74,467
167.412,32812,74,468
167.704,32868,56,469
167.948,32918,50,470
168.484,32992,74,471
168.734,33062,70,472
169.069,33134,72,473
169.410,33206,72,474
169.654,33259,53,475
169.803,33291,32,476
170.044,33323,32,477
170.191,33355,32,478
170.338,33387,32,479
170.509,33423,36,480
170.727,33460,37,481
170.873,33502,42,482
171.019,33538,36,483
171.360,33578,40,484
171.458,33612,34,485
171.710,33660,48,486
171.848,33692,32,487
172.140,33753,61,488
172.433,33808,55,489
172.677,33867,59,490
172.823,33904,37,491
173.118,33936,32,492
173.408,33981,45,493
173.424,34018,37,494
173.653,34065,47,495
173.798,34103,38,496
174.090,34135,32,497
174.236,34167,32,498
174.480,34226,59,499
174.773,34296,70,500
175.065,34329,33,501
175.215,34368,39,502
175.357,34403,35,503
175.455,34435,32,504
175.748,34468,33,505
175.894,34504,36,506
176.089,34538,34,507
176.284,34583,45,508
176.579,34643,60,509
176.877,34715,72,510
177.162,34763,48,511
177.311,34803,40,512
177.552,34851,48,513
177.990,34916,65,514
178.234,34988,72,515
178.673,35062,74,516
178.965,35123,61,517
179.401,35197,74,518
179.648,35271,74,519
179.940,35332,61,520
180.187,35376,44,521
180.478,35426,50,522
180.625,35476,50,523
180.867,35529,53,524
181.307,35590,61,525
181.500,35623,33,526
181.744,35679,56,527
182.040,35729,50,528
182.182,35765,36,529
182.281,35807,42,530
182.574,35849,42,531
182.670,35885,36,532
182.963,35931,46,533
183.304,36005,74,534
183.645,36078,73,535
184.084,36152,74,536
184.376,36226,74,537
184.718,36287,61,538
184.915,36341,54,539
185.474,36409,68,540
185.596,36482,73,541
186.038,36556,74,542
186.424,36630,74,543
186.717,36704,74,544
187.155,36778,74,545
187.594,36852,74,546
187.838,36926,74,547
188.228,36994,68,548
188.520,37064,70,549
188.963,37138,74,550
189.225,37212,74,551
189.698,37286,74,552
190.031,37360,74,553
190.324,37434,74,554
190.763,37508,74,555
191.154,37582,74,556
191.589,37656,74,557
191.884,37730,74,558
192.275,37804,74,559
192.572,37878,74,560
192.960,37952,74,561
193.396,38026,74,562
193.690,38100,74,563
194.079,38174,74,564
194.436,38248,74,565
194.809,38322,74,566
195.203,38396,74,567
195.493,38470,74,568
195.882,38544,74,569
196.323,38617,73,570
196.621,38691,74,571
197.004,38765,74,572
197.442,38839,74,573
197.685,38913,74,574
198.124,38987,74,575
198.521,39061,74,576
198.807,39135,74,577
199.245,39209,74,578
199.491,39283,74,579
199.936,39357,74,580
200.318,39431,74,581
200.611,39505,74,582
201.049,39579,74,583
201.583,39652,73,584
201.732,39725,73,585
202.122,39799,74,586
202.564,39873,74,587
202.853,39947,74,588
203.243,40021,74,589
203.535,40094,73,590
203.925,40166,72,591
204.369,40238,72,592
204.661,40311,73,593
205.203,40385,74,594
205.340,40457,72,595
205.778,40531,74,596
206.217,40605,74,597
206.462,40679,74,598
206.899,40745,66,599
207.143,40816,71,600
207.582,40890,74,601
207.825,40960,70,602
208.270,41034,74,603
208.654,41108,74,604
208.948,41182,74,605
209.387,41256,74,606
209.632,41323,67,607
210.071,41391,68,608
210.455,41462,71,609
211.092,41528,66,610
211.111,41602,74,611
211.433,41676,74,612
211.873,41750,74,613
212.191,41823,73,614
212.554,41897,74,615
212.847,41971,74,616
213.237,42045,74,617
213.684,42119,74,618
214.017,42193,74,619
214.360,42267,74,620
214.797,42341,74,621
215.089,42415,74,622
215.479,42489,74,623
215.918,42563,74,624
216.164,42637,74,625
216.615,42711,74,626
216.991,42785,74,627
217.283,42859,74,628
217.722,42933,74,629
218.061,43007,74,630
218.434,43081,74,631
218.794,43155,74,632
219.088,43229,74,633
219.528,43303,74,634
219.964,43377,74,635
220.403,43451,74,636
220.604,43524,73,637
221.329,43597,73,638
221.350,43671,74,639
221.720,43745,74,640
222.013,43819,74,641
222.402,43893,74,642
222.841,43967,74,643
223.425,44041,74,644
223.527,44115,74,645
223.962,44189,74,646
224.254,44263,74,647
224.698,44332,69,648
224.937,44406,74,649
225.330,44480,74,650
225.765,44553,73,651
226.059,44624,71,652
226.449,44697,73,653
226.754,44770,73,654
227.178,44840,70,655
227.570,44913,73,656
227.862,44981,68,657
228.106,45051,70,658
228.545,45125,74,659
228.934,45197,72,660
229.227,45271,74,661
229.665,45345,74,662
230.056,45418,73,663
230.348,45489,71,664
230.787,45563,74,665
231.031,45636,73,666
231.613,45710,74,667
231.859,45784,74,668
232.154,45852,68,669
232.591,45925,73,670
232.841,45993,68,671
233.154,46051,58,672
233.530,46124,73,673
233.809,46198,74,674
234.248,46272,74,675
234.638,46346,74,676
234.934,46420,74,677
235.371,46494,74,678
235.817,46566,72,679
236.053,46640,74,680
236.442,46714,74,681
236.735,46788,74,682
237.374,46862,74,683
237.612,46936,74,684
237.859,47008,72,685
238.247,47081,73,686
238.587,47140,59,687
239.003,47212,72,688
239.221,47286,74,689
239.660,47360,74,690
239.954,47428,68,691
240.342,47500,72,692
240.782,47573,73,693
241.034,47647,74,694
241.512,47721,74,695
241.756,47795,74,696
242.150,47869,74,697
242.584,47943,74,698
242.828,48017,74,699
243.273,48091,74,700
243.752,48165,74,701
244.247,48239,74,702
244.388,48313,74,703
244.778,48387,74,704
245.071,48461,74,705
245.509,48535,74,706
245.900,48609,74,707
246.192,48683,74,708
246.582,48757,74,709
246.878,48831,74,710
247.316,48905,74,711
247.703,48979,74,712
248.004,49053,74,713
248.386,49127,74,714
248.825,49201,74,715
249.117,49275,74,716
249.509,49349,74,717
249.951,49423,74,718
250.363,49497,74,719
250.628,49571,74,720
251.067,49645,74,721
251.312,49719,74,722
251.847,49793,74,723
252.140,49867,74,724
252.436,49933,66,725
252.728,49999,66,726
253.115,50073,74,727
253.407,50145,72,728
253.926,50207,62,729
254.092,50281,74,730
254.528,50355,74,731
254.918,50429,74,732
255.211,50503,74,733
255.650,50577,74,734
255.991,50651,74,735
256.338,50724,73,736
256.722,50794,70,737
257.044,50862,68,738
257.453,50935,73,739
257.785,51009,74,740
258.136,51083,74,741
258.428,51155,72,742
258.820,51219,64,743
259.119,51291,72,744
259.502,51363,72,745
259.940,51437,74,746
260.232,51511,74,747
260.674,51585,74,748
260.915,51659,74,749
261.355,51733,74,750
261.743,51807,74,751
262.084,51881,74,752
262.429,51954,73,753
262.865,52028,74,754
263.157,52102,74,755
263.548,52176,74,756
264.137,52250,74,757
264.230,52324,74,758
264.669,52398,74,759
264.961,52472,74,760
265.354,52546,74,761
265.789,52620,74,762
266.034,52694,74,763
266.472,52768,74,764
266.927,52842,74,765
267.155,52916,74,766
267.614,52990,74,767
267.986,53064,74,768
268.276,53135,71,769
268.784,53209,74,770
268.959,53281,72,771
269.399,53355,74,772
269.793,53429,74,773
270.084,53503,74,774
270.518,53577,74,775
270.908,53651,74,776
271.201,53725,74,777
271.689,53799,74,778
272.058,53873,74,779
272.325,53947,74,780
272.714,54021,74,781
273.010,54095,74,782
273.395,54169,74,783
273.980,54243,74,784
274.139,54317,74,785
274.517,54391,74,786
274.955,54465,74,787
275.202,54539,74,788
275.637,54613,74,789
276.079,54687,74,790
276.432,54761,74,791
276.768,54835,74,792
277.148,54909,74,793
277.490,54983,74,794
277.880,55057,74,795
278.124,55131,74,796
278.572,55205,74,797
279.050,55279,74,798
279.293,55353,74,799
279.683,55427,74,800
280.073,55501,74,801
280.464,55574,73,802
280.772,55643,69,803
281.050,55713,70,804
281.487,55787,74,805
281.877,55861,74,806
282.170,55935,74,807
282.560,56009,74,808
282.955,56083,74,809
283.304,56157,74,810
283.681,56231,74,811
283.974,56305,74,812
284.365,56379,74,813
284.802,56453,74,814
285.109,56527,74,815
285.533,56601,74,816
285.924,56675,74,817
286.167,56749,74,818
287.045,56823,74,819
287.066,56897,74,820
287.386,56971,74,821
287.727,57045,74,822
287.976,57119,74,823
288.410,57193,74,824
288.849,57267,74,825
289.092,57341,74,826
289.600,57415,74,827
290.265,57489,74,828
290.312,57563,74,829
290.652,57637,74,830
291.042,57711,74,831
291.337,57785,74,832
291.758,57859,74,833
292.215,57933,74,834
292.456,58007,74,835
292.846,58081,74,836
293.141,58155,74,837
293.623,58229,74,838
293.973,58303,74,839
294.263,58377,74,840
294.650,58451,74,841
295.088,58525,74,842
295.332,58599,74,843
295.777,58673,74,844
296.210,58747,74,845
296.458,58821,74,846
296.897,58895,74,847
297.331,58969,74,848
297.580,59043,74,849
298.014,59117,74,850
298.258,59191,74,851
298.696,59265,74,852
299.087,59339,74,853
299.379,59413,74,854
299.818,59487,74,855
300.210,59561,74,856
300.504,59635,74,857
300.890,59709,74,858
301.330,59783,74,859
301.621,59857,74,860
302.155,59931,74,861
302.460,60005,74,862
302.742,60079,74,863
303.132,60153,74,864
303.425,60227,74,865
303.864,60301,74,866
304.108,60365,64,867
304.422,60420,55,868
304.936,60470,50,869
304.962,60513,43,870
305.133,60554,41,871
305.229,60587,33,872
305.326,60619,32,873
305.622,60651,32,874
305.765,60685,34,875
305.911,60717,32,876
306.062,60749,32,877
