df_hash,22ZHK4.PSDHWK
device,HZ2X61
project_hash,29R7
project_name,istanbul_aydin_university
person_hash,29R7.K20S
person_label,V29
date_time_start,2025-08-06_11-13-35.368000_+03
date_time_start_unix,1754460815.368
date_time_end,2025-08-06_11-15-12.561000_+03
length_difference_noticed,no

time,ble_sample_counter,ble_sample_amount,ble_packet_counter
4.058,140,54,2
4.203,184,44,3
4.496,228,44,4
4.642,272,44,5
4.887,326,54,6
5.179,370,44,7
5.325,414,44,8
5.569,458,44,9
5.861,512,54,10
6.007,556,44,11
6.300,600,44,12
6.592,644,44,13
6.689,697,53,14
6.982,741,44,15
7.274,785,44,16
7.423,839,54,17
7.664,883,44,18
7.958,927,44,19
8.103,971,44,20
8.396,1025,54,21
8.640,1069,44,22
8.786,1113,44,23
9.084,1157,44,24
9.387,1210,53,25
9.468,1254,44,26
9.871,1298,44,27
10.202,1351,53,28
10.395,1395,44,29
10.593,1439,44,30
10.689,1483,44,31
10.882,1536,53,32
11.182,1580,44,33
11.419,1624,44,34
11.564,1677,53,35
11.862,1721,44,36
12.244,1765,44,37
12.313,1809,44,38
12.549,1863,54,39
12.832,1907,44,40
12.978,1951,44,41
13.271,1995,44,42
13.591,2049,54,43
13.661,2093,44,44
13.955,2137,44,45
14.154,2181,44,46
14.347,2234,53,47
14.636,2278,44,48
14.884,2322,44,49
15.174,2370,48,50
15.317,2419,49,51
15.611,2463,44,52
15.757,2507,44,53
16.049,2561,54,54
16.436,2605,44,55
16.652,2649,44,56
16.779,2695,46,57
17.119,2746,51,58
17.281,2790,44,59
17.424,2834,44,60
17.721,2886,52,61
17.858,2930,44,62
18.097,2974,44,63
18.391,3026,52,64
18.540,3070,44,65
18.830,3114,44,66
18.974,3158,44,67
19.217,3210,52,68
19.510,3254,44,69
19.656,3298,44,70
19.949,3349,51,71
20.193,3393,44,72
20.339,3437,44,73
20.631,3485,48,74
20.924,3531,46,75
21.021,3575,44,76
21.314,3624,49,77
21.606,3668,44,78
21.752,3712,44,79
21.998,3761,49,80
22.169,3805,44,81
22.437,3849,44,82
22.727,3900,51,83
22.875,3944,44,84
23.119,3988,44,85
23.410,4037,49,86
23.558,4081,44,87
23.803,4125,44,88
24.092,4174,49,89
24.245,4203,29,90
24.385,4229,26,91
24.393,4255,26,92
24.677,4288,33,93
24.775,4325,37,94
25.213,4371,46,95
25.229,4406,35,96
25.361,4437,31,97
25.507,4465,28,98
25.625,4492,27,99
25.750,4521,29,100
25.897,4554,33,101
26.189,4592,38,102
26.336,4630,38,103
26.481,4665,35,104
26.578,4697,32,105
26.725,4731,34,106
27.017,4769,38,107
27.309,4820,51,108
27.456,4857,37,109
27.553,4894,37,110
27.699,4927,33,111
27.992,4966,39,112
28.138,5000,34,113
28.437,5040,40,114
28.528,5073,33,115
28.726,5113,40,116
28.821,5147,34,117
29.113,5187,40,118
29.265,5225,38,119
29.406,5256,31,120
29.649,5308,52,121
29.799,5342,34,122
29.956,5372,30,123
30.234,5408,36,124
30.332,5447,39,125
30.529,5482,35,126
30.624,5511,29,127
30.771,5540,29,128
31.063,5572,32,129
31.211,5608,36,130
31.307,5633,25,131
31.453,5661,28,132
31.603,5705,44,133
31.892,5741,36,134
32.038,5785,44,135
32.303,5829,44,136
32.574,5881,52,137
32.730,5925,44,138
33.032,5969,44,139
33.257,6022,53,140
33.403,6066,44,141
33.695,6104,38,142
33.705,6130,26,143
33.990,6161,31,144
34.134,6194,33,145
34.256,6231,37,146
34.378,6270,39,147
34.674,6312,42,148
34.817,6353,41,149
35.062,6391,38,150
35.207,6426,35,151
35.353,6466,40,152
35.645,6510,44,153
35.792,6548,38,154
35.939,6573,25,155
36.328,6609,36,156
36.398,6642,33,157
36.474,6670,28,158
36.620,6705,35,159
36.767,6740,35,160
36.914,6776,36,161
37.157,6810,34,162
37.303,6841,31,163
37.449,6867,26,164
37.596,6897,30,165
37.839,6933,36,166
37.934,6963,30,167
37.985,6988,25,168
38.132,7015,27,169
38.278,7051,36,170
38.572,7089,38,171
38.725,7120,31,172
38.863,7159,39,173
38.961,7191,32,174
39.258,7224,33,175
39.301,7251,27,176
39.451,7276,25,177
39.692,7318,42,178
39.789,7359,41,179
39.935,7389,30,180
40.083,7416,27,181
40.228,7447,31,182
40.374,7475,28,183
40.667,7507,32,184
40.766,7546,39,185
40.910,7587,41,186
41.208,7621,34,187
41.349,7654,33,188
41.496,7693,39,189
41.642,7725,32,190
41.739,7753,28,191
42.032,7784,31,192
42.192,7820,36,193
42.324,7852,32,194
42.470,7887,35,195
42.721,7926,39,196
42.861,7976,50,197
43.153,8023,47,198
43.450,8067,44,199
43.738,8120,53,200
43.835,8165,45,201
44.132,8209,44,202
44.420,8263,54,203
44.524,8307,44,204
44.812,8351,44,205
45.108,8405,54,206
45.249,8449,44,207
45.493,8493,44,208
45.785,8547,54,209
45.932,8591,44,210
46.224,8638,47,211
46.468,8691,53,212
46.614,8717,26,213
46.761,8752,35,214
46.907,8789,37,215
47.216,8826,37,216
47.297,8861,35,217
47.443,8895,34,218
47.589,8930,35,219
47.882,8970,40,220
48.031,9004,34,221
48.177,9039,35,222
48.419,9073,34,223
48.564,9108,35,224
48.710,9139,31,225
48.860,9174,35,226
49.003,9212,38,227
49.264,9250,38,228
49.393,9288,38,229
49.539,9321,33,230
49.832,9354,33,231
49.979,9387,33,232
50.076,9417,30,233
50.222,9460,43,234
50.517,9500,40,235
50.660,9533,33,236
50.808,9574,41,237
51.060,9626,52,238
51.362,9668,42,239
51.489,9715,47,240
51.785,9751,36,241
51.928,9777,26,242
52.029,9804,27,243
52.197,9836,32,244
52.318,9870,34,245
52.464,9908,38,246
52.757,9942,34,247
52.855,9975,33,248
53.006,10010,35,249
53.148,10050,40,250
53.439,10094,44,251
53.732,10138,44,252
53.829,10171,33,253
53.975,10207,36,254
54.269,10257,50,255
54.414,10303,46,256
54.707,10341,38,257
54.804,10370,29,258
54.951,10408,38,259
55.246,10456,48,260
55.389,10488,32,261
55.536,10520,32,262
55.690,10553,33,263
55.957,10587,34,264
56.218,10624,37,265
56.230,10663,39,266
56.364,10695,32,267
56.609,10733,38,268
56.754,10770,37,269
56.900,10804,34,270
57.193,10840,36,271
57.341,10871,31,272
57.486,10903,32,273
57.583,10935,32,274
57.734,10975,40,275
58.023,11028,53,276
58.314,11072,44,277
58.558,11125,53,278
58.850,11173,48,279
58.997,11217,44,280
59.289,11272,55,281
59.546,11319,47,282
59.679,11363,44,283
59.972,11421,58,284
60.318,11465,44,285
60.508,11509,44,286
60.801,11566,57,287
60.947,11610,44,288
61.240,11654,44,289
61.484,11711,57,290
61.677,11755,44,291
61.922,11799,44,292
62.214,11856,57,293
62.458,11900,44,294
62.607,11944,44,295
62.897,12000,56,296
63.171,12044,44,297
63.296,12088,44,298
63.590,12144,56,299
63.872,12188,44,300
64.118,12238,50,301
64.262,12288,50,302
64.556,12332,44,303
64.847,12387,55,304
65.091,12432,45,305
65.237,12476,44,306
65.530,12532,56,307
65.822,12576,44,308
65.920,12620,44,309
66.212,12676,56,310
66.507,12720,44,311
66.658,12768,48,312
66.895,12822,54,313
67.187,12866,44,314
67.479,12917,51,315
67.772,12967,50,316
67.869,13011,44,317
68.162,13068,57,318
68.457,13112,44,319
68.601,13156,44,320
68.848,13211,55,321
69.137,13255,44,322
69.283,13299,44,323
69.576,13354,55,324
69.872,13398,44,325
70.112,13450,52,326
70.405,13498,48,327
70.551,13542,44,328
70.795,13598,56,329
71.087,13642,44,330
71.234,13686,44,331
71.477,13742,56,332
71.770,13786,44,333
72.064,13832,46,334
72.208,13886,54,335
72.454,13930,44,336
72.745,13984,54,337
73.037,14030,46,338
73.427,14074,44,339
73.455,14130,56,340
73.720,14174,44,341
73.867,14218,44,342
74.158,14274,56,343
74.402,14318,44,344
74.695,14368,50,345
74.848,14416,48,346
75.136,14460,44,347
75.380,14515,55,348
75.583,14559,44,349
75.816,14607,48,350
76.067,14658,51,351
76.352,14702,44,352
76.648,14758,56,353
76.791,14802,44,354
77.037,14846,44,355
77.330,14902,56,356
77.474,14946,44,357
77.766,14991,45,358
78.059,15045,54,359
78.300,15089,44,360
78.449,15138,49,361
78.742,15189,51,362
78.985,15233,44,363
79.131,15279,46,364
79.424,15334,55,365
79.716,15378,44,366
79.820,15422,44,367
80.124,15479,57,368
80.399,15523,44,369
80.545,15567,44,370
80.939,15625,58,371
81.082,15669,44,372
81.374,15713,44,373
81.618,15768,55,374
81.764,15812,44,375
82.058,15860,48,376
82.358,15911,51,377
82.495,15955,44,378
82.739,16010,55,379
83.037,16054,44,380
83.178,16098,44,381
83.470,16149,51,382
83.715,16193,44,383
83.860,16237,44,384
84.154,16288,51,385
84.410,16332,44,386
84.689,16380,48,387
84.835,16427,47,388
85.130,16471,44,389
85.371,16522,51,390
85.518,16566,44,391
85.812,16610,44,392
86.106,16662,52,393
86.201,16706,44,394
86.494,16750,44,395
86.785,16802,52,396
86.932,16846,44,397
87.176,16890,44,398
87.468,16942,52,399
87.615,16986,44,400
87.907,17030,44,401
88.150,17082,52,402
88.297,17126,44,403
88.592,17170,44,404
88.894,17222,52,405
88.979,17266,44,406
89.272,17310,44,407
89.564,17361,51,408
89.711,17405,44,409
89.956,17449,44,410
90.247,17501,52,411
90.393,17545,44,412
90.686,17589,44,413
90.933,17640,51,414
91.077,17684,44,415
91.368,17732,48,416
91.514,17779,47,417
91.758,17823,44,418
