df_hash,22ZHK4.L745P3
device,HZ2X61
project_hash,29R7
project_name,istanbul_aydin_university
person_hash,29R7.HN75
person_label,V121
date_time_start,2026-04-06_13-33-18.934000_+03
date_time_start_unix,1775464398.934
date_time_end,2026-04-06_13-41-40.504000_+03
length_difference_noticed,no

time,acc_mag
3.660,0.946
3.690,0.947
3.720,0.949
3.750,0.952
3.780,0.957
3.810,0.951
3.840,0.948
3.870,0.938
3.900,0.937
3.930,0.945
3.960,0.942
3.990,0.950
4.020,0.952
4.050,0.946
4.080,0.939
4.110,0.951
4.140,0.943
4.170,0.945
4.200,0.947
4.230,0.948
4.260,0.951
4.290,0.952
4.320,0.952
4.350,0.948
4.380,0.947
4.410,0.950
4.440,0.945
4.470,0.948
4.500,0.949
4.530,0.947
4.560,0.943
4.590,0.949
4.620,0.947
4.650,0.948
4.680,0.948
4.710,0.944
4.740,0.950
4.770,0.946
4.800,0.947
4.830,0.949
4.860,0.938
4.890,0.948
4.920,0.953
4.950,0.953
4.980,0.948
5.010,0.944
5.040,0.944
5.070,0.943
5.100,0.951
5.130,0.949
5.160,0.950
5.190,0.949
5.220,0.944
5.250,0.948
5.280,0.949
5.310,0.947
5.340,0.947
5.370,0.946
5.400,0.948
5.430,0.948
5.460,0.946
5.490,0.946
5.520,0.939
5.550,0.954
5.580,0.954
5.610,0.951
5.640,0.948
5.670,0.942
5.700,0.945
5.730,0.944
5.760,0.952
5.790,0.950
5.820,0.950
5.850,0.949
5.880,0.947
5.910,0.947
5.940,0.944
5.970,0.954
6.000,0.950
6.030,0.942
6.060,0.953
6.090,0.952
6.120,0.949
6.150,0.939
6.180,0.945
6.210,0.947
6.240,0.949
6.270,0.948
6.300,0.945
6.330,0.943
6.360,0.948
6.390,0.944
6.420,0.944
6.450,0.951
6.480,0.951
6.510,0.944
6.540,0.950
6.570,0.952
6.600,0.950
6.630,0.942
6.660,0.946
6.690,0.951
6.720,0.944
6.750,0.951
6.780,0.950
6.810,0.943
6.840,0.946
6.870,0.951
6.900,0.944
6.930,0.955
6.960,0.952
6.990,0.948
7.020,0.945
7.050,0.948
7.080,0.947
7.110,0.945
7.140,0.942
7.170,0.955
7.200,0.946
7.230,0.948
7.260,0.949
7.290,0.947
7.320,0.951
7.350,0.949
7.380,0.941
7.410,0.943
7.440,0.947
7.470,0.953
7.500,0.949
7.530,0.943
7.560,0.947
7.590,0.953
7.620,0.947
7.650,0.948
7.680,0.946
7.710,0.952
7.740,0.957
7.770,0.942
7.800,0.945
7.830,0.947
7.860,0.945
7.890,0.948
7.920,0.949
7.950,0.955
7.980,0.953
8.010,0.938
8.040,0.943
8.070,0.950
8.100,0.946
8.130,0.940
8.160,0.949
8.190,0.945
8.220,0.955
8.250,0.953
8.280,0.952
8.310,0.951
8.340,0.948
8.370,0.944
8.400,0.944
8.430,0.945
8.460,0.947
8.490,0.945
8.520,0.944
8.550,0.952
8.580,0.953
8.610,0.944
8.640,0.938
8.670,0.944
8.700,0.949
8.730,0.946
8.760,0.951
8.790,0.957
8.820,0.942
8.850,0.947
8.880,0.951
8.910,0.946
8.940,0.952
8.970,0.956
9.000,0.950
9.030,0.944
9.060,0.946
9.090,0.948
9.120,0.950
9.150,0.949
9.180,0.947
9.210,0.949
9.240,0.946
9.270,0.942
9.300,0.941
9.330,0.947
9.360,0.951
9.390,0.946
9.420,0.948
9.450,0.953
9.480,0.943
9.510,0.948
9.540,0.952
9.570,0.950
9.600,0.951
9.630,0.945
9.660,0.949
9.690,0.946
9.720,0.949
9.750,0.953
9.780,0.947
9.810,0.951
9.840,0.946
9.870,0.948
9.900,0.945
9.930,0.944
9.960,0.950
9.990,0.949
10.020,0.939
10.050,0.952
10.080,0.948
10.110,0.944
10.140,0.942
10.170,0.943
10.200,0.951
10.230,0.962
10.260,0.951
10.290,0.943
10.320,0.943
10.350,0.939
10.380,0.953
10.410,0.948
10.440,0.947
10.470,0.948
10.500,0.954
10.530,0.957
10.560,0.954
10.590,0.946
10.620,0.949
10.650,0.960
10.680,0.955
10.710,0.940
10.740,0.942
10.770,0.932
10.800,0.931
10.830,0.946
10.860,0.952
10.890,0.949
10.920,0.956
10.950,0.958
10.980,0.966
11.010,0.957
11.040,0.960
11.070,0.946
11.100,0.945
11.130,0.944
11.160,0.948
11.190,0.949
11.220,0.955
11.250,0.964
11.280,0.951
11.310,0.960
11.340,0.952
11.370,0.950
11.400,0.948
11.430,0.935
11.460,0.952
11.490,0.945
11.520,0.943
11.550,0.955
11.580,0.953
11.610,0.968
11.640,1.008
11.670,0.986
11.700,0.951
11.730,0.938
11.760,0.936
11.790,0.926
11.820,0.923
11.850,0.938
11.880,0.944
11.910,0.952
11.940,0.953
11.970,0.954
12.000,0.952
12.030,0.948
12.060,0.954
12.090,0.959
12.120,0.961
12.150,0.955
12.180,0.950
12.210,0.958
12.240,0.947
12.270,0.950
12.300,0.952
12.330,0.954
12.360,0.957
12.390,0.963
12.420,0.958
12.450,0.959
12.480,0.965
12.510,0.963
12.540,0.960
12.570,0.960
12.600,0.968
12.630,0.973
12.660,0.959
12.690,0.959
12.720,0.953
12.750,0.956
12.780,0.961
12.810,0.964
12.840,0.966
12.870,0.964
12.900,0.957
12.930,0.955
12.960,0.957
12.990,0.946
13.020,0.955
13.050,0.962
13.080,0.964
13.110,0.966
13.140,0.973
13.170,0.964
13.200,0.955
13.230,0.945
13.260,0.955
13.290,0.959
13.320,0.969
13.350,0.979
13.380,0.971
13.410,0.943
13.440,0.938
13.470,0.947
13.500,0.956
13.530,0.969
13.560,0.976
13.590,0.965
13.620,0.970
13.650,0.956
13.680,0.938
13.710,0.943
13.740,0.958
13.770,0.966
13.800,0.969
13.830,0.967
13.860,0.964
13.890,0.960
13.920,0.947
13.950,0.959
13.980,0.965
14.010,0.968
14.040,0.973
14.070,0.957
14.100,0.940
14.130,0.950
14.160,0.958
14.190,0.968
14.220,0.970
14.250,0.964
14.280,0.966
14.310,0.962
14.340,0.952
14.370,0.942
14.400,0.952
14.430,0.959
14.460,0.964
14.490,0.972
14.520,0.971
14.550,0.962
14.580,0.957
14.610,0.942
14.640,0.952
14.670,0.965
14.700,0.975
14.730,0.970
14.760,0.954
14.790,0.948
14.820,0.959
14.850,0.962
14.880,0.967
14.910,0.974
14.940,0.958
14.970,0.964
15.000,0.958
15.030,0.943
15.060,0.950
15.090,0.964
15.120,0.964
15.150,0.971
15.180,0.969
15.210,0.970
15.240,0.956
15.270,0.947
15.300,0.952
15.330,0.952
15.360,0.963
15.390,0.971
15.420,0.967
15.450,0.962
15.480,0.950
15.510,0.958
15.540,0.956
15.570,0.962
15.600,0.968
15.630,0.962
15.660,0.966
15.690,0.959
15.720,0.947
15.750,0.951
15.780,0.958
15.810,0.961
15.840,0.970
15.870,0.969
15.900,0.971
15.930,0.958
15.960,0.948
15.990,0.947
16.020,0.958
16.050,0.963
16.080,0.968
16.110,0.969
16.140,0.964
16.170,0.953
16.200,0.951
16.230,0.961
16.260,0.962
16.290,0.961
16.320,0.970
16.350,0.961
16.380,0.961
16.410,0.953
16.440,0.951
16.470,0.958
16.500,0.961
16.530,0.969
16.560,0.965
16.590,0.970
16.620,0.957
16.650,0.952
16.680,0.949
16.710,0.962
16.740,0.968
16.770,0.965
16.800,0.975
16.830,0.958
16.860,0.948
16.890,0.956
16.920,0.957
16.950,0.962
16.980,0.968
17.010,0.964
17.040,0.970
17.070,0.965
17.100,0.952
17.130,0.950
17.160,0.958
17.190,0.960
17.220,0.965
17.250,0.964
17.280,0.962
17.310,0.954
17.340,0.961
17.370,0.964
17.400,0.963
17.430,0.966
17.460,0.959
17.490,0.951
17.520,0.950
17.550,0.954
17.580,0.969
17.610,0.970
17.640,0.963
17.670,0.958
17.700,0.955
17.730,0.947
17.760,0.959
17.790,0.957
17.820,0.960
17.850,0.971
17.880,0.970
17.910,0.964
17.940,0.961
17.970,0.951
18.000,0.953
18.030,0.957
18.060,0.956
18.090,0.970
18.120,0.972
18.150,0.966
18.180,0.960
18.210,0.943
18.240,0.951
18.270,0.963
18.300,0.960
18.330,0.964
18.360,0.966
18.390,0.959
18.420,0.962
18.450,0.959
18.480,0.953
18.510,0.962
18.540,0.970
18.570,0.962
18.600,0.962
18.630,0.960
18.660,0.948
18.690,0.955
18.720,0.960
18.750,0.964
18.780,0.970
18.810,0.969
18.840,0.966
18.870,0.957
18.900,0.944
18.930,0.959
18.960,0.972
18.990,0.967
19.020,0.960
19.050,0.969
19.080,0.947
19.110,0.952
19.140,0.968
19.170,0.964
19.200,0.965
19.230,0.976
19.260,0.963
19.290,0.950
19.320,0.950
19.350,0.950
19.380,0.963
19.410,0.965
19.440,0.969
19.470,0.970
19.500,0.960
19.530,0.957
19.560,0.954
19.590,0.954
19.620,0.955
19.650,0.958
19.680,0.948
19.710,0.951
19.740,0.947
19.770,0.951
19.800,0.944
19.830,0.946
19.860,0.949
19.890,0.952
19.920,0.956
19.950,0.952
19.980,0.949
20.010,0.952
20.040,0.952
20.070,0.950
20.100,0.950
20.130,0.953
20.160,0.958
20.190,0.947
20.220,0.954
20.250,0.957
20.280,0.953
20.310,0.957
20.340,0.949
20.370,0.949
20.400,0.951
20.430,0.950
20.460,0.954
20.490,0.957
20.520,0.956
20.550,0.956
20.580,0.953
20.610,0.954
20.640,0.955
20.670,0.951
20.700,0.954
20.730,0.951
20.760,0.949
20.790,0.955
20.820,0.960
20.850,0.947
20.880,0.954
20.910,0.950
20.940,0.958
20.970,0.955
21.000,0.959
21.030,0.961
21.060,0.955
21.090,0.956
21.120,0.954
21.150,0.950
21.180,0.965
21.210,0.968
21.240,0.956
21.270,0.967
21.300,0.964
21.330,0.967
21.360,0.975
21.390,0.962
21.420,0.959
21.450,0.936
21.480,0.916
21.510,0.933
21.540,0.938
21.570,0.940
21.600,0.945
21.630,0.940
21.660,0.928
21.690,0.938
21.720,0.941
21.750,0.939
21.780,0.955
21.810,0.948
21.840,0.933
21.870,0.937
21.900,0.939
21.930,0.923
21.960,0.926
21.990,0.919
22.020,0.933
22.050,0.941
22.080,0.951
22.110,0.993
22.140,0.984
22.170,0.975
22.200,0.974
22.230,0.966
22.260,0.950
22.290,0.933
22.320,0.942
22.350,0.949
22.380,0.944
22.410,0.936
22.440,0.952
22.470,0.947
22.500,0.958
22.530,0.944
22.560,0.954
22.590,0.953
22.620,0.954
22.650,0.937
22.680,0.940
22.710,0.947
22.740,0.953
22.770,0.953
22.800,0.951
22.830,0.939
22.860,0.936
22.890,0.948
22.920,0.949
22.950,0.951
22.980,0.958
23.010,0.954
23.040,0.954
23.070,0.950
23.100,0.959
23.130,0.957
23.160,0.950
23.190,0.944
23.220,0.931
23.250,0.942
23.280,0.967
23.310,0.961
23.340,0.963
23.370,0.962
23.400,0.941
23.430,0.941
23.460,0.942
23.490,0.949
23.520,0.960
23.550,0.958
23.580,0.955
23.610,0.953
23.640,0.946
23.670,0.948
23.700,0.949
23.730,0.952
23.760,0.955
23.790,0.948
23.820,0.951
23.850,0.949
23.880,0.957
23.910,0.958
23.940,0.963
23.970,0.954
24.000,0.948
24.030,0.937
24.060,0.946
24.090,0.952
24.120,0.957
24.150,0.952
24.180,0.956
24.210,0.956
24.240,0.952
24.270,0.940
24.300,0.940
24.330,0.947
24.360,0.952
24.390,0.958
24.420,0.955
24.450,0.959
24.480,0.948
24.510,0.941
24.540,0.947
24.570,0.956
24.600,0.956
24.630,0.958
24.660,0.951
24.690,0.952
24.720,0.945
24.750,0.942
24.780,0.950
24.810,0.960
24.840,0.955
24.870,0.955
24.900,0.956
24.930,0.950
24.960,0.943
24.990,0.946
25.020,0.941
25.050,0.947
25.080,0.965
25.110,0.959
25.140,0.946
25.170,0.940
25.200,0.942
25.230,0.952
25.260,0.952
25.290,0.952
25.320,0.952
25.350,0.958
25.380,0.953
25.410,0.941
25.440,0.948
25.470,0.949
25.500,0.949
25.530,0.966
25.560,0.957
25.590,0.952
25.620,0.950
25.650,0.945
25.680,0.947
25.710,0.953
25.740,0.962
25.770,0.956
25.800,0.959
25.830,0.944
25.860,0.939
25.890,0.951
25.920,0.952
25.950,0.953
25.980,0.958
26.010,0.951
26.040,0.950
26.070,0.942
26.100,0.937
26.130,0.949
26.160,0.958
26.190,0.962
26.220,0.953
26.250,0.953
26.280,0.948
26.310,0.943
26.340,0.944
26.370,0.955
26.400,0.966
26.430,0.949
26.460,0.947
26.490,0.949
26.520,0.940
26.550,0.956
26.580,0.956
26.610,0.957
26.640,0.952
26.670,0.951
26.700,0.942
26.730,0.945
26.760,0.953
26.790,0.956
26.820,0.958
26.850,0.946
26.880,0.948
26.910,0.950
26.940,0.948
26.970,0.957
27.000,0.954
27.030,0.951
27.060,0.953
27.090,0.948
27.120,0.943
27.150,0.954
27.180,0.951
27.210,0.957
27.240,0.954
27.270,0.950
27.300,0.950
27.330,0.951
27.360,0.953
27.390,0.954
27.420,0.953
27.450,0.950
27.480,0.945
27.510,0.949
27.540,0.956
27.570,0.959
27.600,0.943
27.630,0.947
27.660,0.947
27.690,0.951
27.720,0.959
27.750,0.955
27.780,0.947
27.810,0.947
27.840,0.946
27.870,0.946
27.900,0.952
27.930,0.952
27.960,0.953
27.990,0.951
28.020,0.948
28.050,0.955
28.080,0.957
28.110,0.951
28.140,0.951
28.170,0.951
28.200,0.950
28.230,0.949
28.260,0.956
28.290,0.949
28.320,0.953
28.350,0.949
28.380,0.949
28.410,0.954
28.440,0.959
28.470,0.945
28.500,0.943
28.530,0.952
28.560,0.946
28.590,0.954
28.620,0.958
28.650,0.951
28.680,0.953
28.710,0.953
28.740,0.944
28.770,0.952
28.800,0.958
28.830,0.956
28.860,0.950
28.890,0.954
28.920,0.950
28.950,0.948
28.980,0.945
29.010,0.951
29.040,0.950
29.070,0.959
29.100,0.957
29.130,0.951
29.160,0.942
29.190,0.944
29.220,0.957
29.250,0.954
29.280,0.954
29.310,0.956
29.340,0.946
29.370,0.950
29.400,0.944
29.430,0.943
29.460,0.955
29.490,0.956
29.520,0.960
29.550,0.957
29.580,0.956
29.610,0.948
29.640,0.945
29.670,0.943
29.700,0.948
29.730,0.957
29.760,0.956
29.790,0.957
29.820,0.950
29.850,0.941
29.880,0.950
29.910,0.958
29.940,0.955
29.970,0.958
30.000,0.949
30.030,0.946
30.060,0.942
30.090,0.950
30.120,0.956
30.150,0.958
30.180,0.959
30.210,0.951
30.240,0.951
30.270,0.947
30.300,0.946
30.330,0.952
30.360,0.952
30.390,0.964
30.420,0.955
30.450,0.947
30.480,0.942
30.510,0.946
30.540,0.951
30.570,0.957
30.600,0.958
30.630,0.953
30.660,0.957
30.690,0.937
30.720,0.941
30.750,0.955
30.780,0.954
30.810,0.963
30.840,0.959
30.870,0.952
30.900,0.946
30.930,0.940
30.960,0.951
30.990,0.954
31.020,0.956
31.050,0.961
31.080,0.949
31.110,0.943
31.140,0.944
31.170,0.953
31.200,0.951
31.230,0.958
31.260,0.957
31.290,0.948
31.320,0.944
31.350,0.945
31.380,0.944
31.410,0.960
31.440,0.961
31.470,0.957
31.500,0.953
31.530,0.946
31.560,0.941
31.590,0.953
31.620,0.957
31.650,0.964
31.680,0.953
31.710,0.950
31.740,0.945
31.770,0.947
31.800,0.949
31.830,0.955
31.860,0.966
31.890,0.962
31.920,0.949
31.950,0.951
31.980,0.942
32.010,0.950
32.040,0.953
32.070,0.957
32.100,0.952
32.130,0.956
32.160,0.953
32.190,0.946
32.220,0.950
32.250,0.952
32.280,0.961
32.310,0.957
32.340,0.956
32.370,0.953
32.400,0.951
32.430,0.950
32.460,0.951
32.490,0.952
32.520,0.956
32.550,0.964
32.580,0.959
32.610,0.942
32.640,0.945
32.670,0.951
32.700,0.953
32.730,0.959
32.760,0.951
32.790,0.952
32.820,0.955
32.850,0.943
32.880,0.951
32.910,0.958
32.940,0.955
32.970,0.954
33.000,0.955
33.030,0.950
33.060,0.944
33.090,0.956
33.120,0.953
33.150,0.959
33.180,0.953
33.210,0.946
33.240,0.955
33.270,0.952
33.300,0.940
33.330,0.953
33.360,0.958
33.390,0.956
33.420,0.951
33.450,0.950
33.480,0.944
33.510,0.954
33.540,0.961
33.570,0.956
33.600,0.958
33.630,0.952
33.660,0.943
33.690,0.941
33.720,0.952
33.750,0.958
33.780,0.962
33.810,0.958
33.840,0.946
33.870,0.942
33.900,0.942
33.930,0.950
33.960,0.963
33.990,0.964
34.020,0.952
34.050,0.948
34.080,0.938
34.110,0.944
34.140,0.948
34.170,0.960
34.200,0.956
34.230,0.956
34.260,0.955
34.290,0.947
34.320,0.942
34.350,0.950
34.380,0.950
34.410,0.956
34.440,0.958
34.470,0.958
34.500,0.952
34.530,0.945
34.560,0.948
34.590,0.953
34.620,0.956
34.650,0.959
34.680,0.958
34.710,0.954
34.740,0.940
34.770,0.953
34.800,0.957
34.830,0.958
34.860,0.952
34.890,0.948
34.920,0.944
34.950,0.945
34.980,0.950
35.010,0.955
35.040,0.961
35.070,0.962
35.100,0.950
35.130,0.946
35.160,0.946
35.190,0.954
35.220,0.958
35.250,0.959
35.280,0.955
35.310,0.942
35.340,0.945
35.370,0.950
35.400,0.956
35.430,0.958
35.460,0.951
35.490,0.944
35.520,0.944
35.550,0.949
35.580,0.960
35.610,0.961
35.640,0.958
35.670,0.954
35.700,0.943
35.730,0.947
35.760,0.953
35.790,0.953
35.820,0.954
35.850,0.955
35.880,0.951
35.910,0.950
35.940,0.949
35.970,0.953
36.000,0.958
36.030,0.956
36.060,0.957
36.090,0.958
36.120,0.952
36.150,0.945
36.180,0.952
36.210,0.956
36.240,0.960
36.270,0.954
36.300,0.945
36.330,0.938
36.360,0.952
36.390,0.961
36.420,0.957
36.450,0.959
36.480,0.955
36.510,0.948
36.540,0.951
36.570,0.949
36.600,0.947
36.630,0.956
36.660,0.958
36.690,0.955
36.720,0.946
36.750,0.950
36.780,0.956
36.810,0.957
36.840,0.955
36.870,0.958
36.900,0.951
36.930,0.938
36.960,0.943
36.990,0.956
37.020,0.955
37.050,0.964
37.080,0.964
37.110,0.950
37.140,0.947
37.170,0.948
37.200,0.952
37.230,0.958
37.260,0.954
37.290,0.953
37.320,0.947
37.350,0.954
37.380,0.955
37.410,0.964
37.440,0.959
37.470,0.950
37.500,0.947
37.530,0.948
37.560,0.950
37.590,0.963
37.620,0.963
37.650,0.950
37.680,0.946
37.710,0.939
37.740,0.948
37.770,0.963
37.800,0.960
37.830,0.953
37.860,0.949
37.890,0.943
37.920,0.951
37.950,0.959
37.980,0.963
38.010,0.950
38.040,0.942
38.070,0.949
38.100,0.960
38.130,0.961
38.160,0.963
38.190,0.969
38.220,0.942
38.250,0.948
38.280,0.956
38.310,0.947
38.340,0.967
38.370,0.969
38.400,0.949
38.430,0.975
38.460,0.961
38.490,0.944
38.520,0.969
38.550,0.954
38.580,0.945
38.610,0.937
38.640,0.936
38.670,0.949
38.700,0.955
38.730,0.936
38.760,0.945
38.790,0.948
38.820,0.920
38.850,0.946
38.880,0.951
38.910,0.950
38.940,0.951
38.970,0.952
39.000,0.975
39.030,0.962
39.060,0.958
39.090,0.956
39.120,0.969
39.150,0.957
39.180,0.955
39.210,0.942
39.240,0.939
39.270,0.954
39.300,0.953
39.330,0.953
39.360,0.965
39.390,0.962
39.420,0.950
39.450,0.943
39.480,0.952
39.510,0.956
39.540,0.948
39.570,0.950
39.600,0.955
39.630,0.955
39.660,0.950
39.690,0.946
39.720,0.955
39.750,0.957
39.780,0.958
39.810,0.952
39.840,0.947
39.870,0.945
39.900,0.960
39.930,0.958
39.960,0.952
39.990,0.957
40.020,0.956
40.050,0.954
40.080,0.941
40.110,0.947
40.140,0.960
40.170,0.962
40.200,0.960
40.230,0.952
40.260,0.946
40.290,0.951
40.320,0.956
40.350,0.953
40.380,0.952
40.410,0.953
40.440,0.957
40.470,0.951
40.500,0.949
40.530,0.951
40.560,0.956
40.590,0.966
40.620,0.957
40.650,0.943
40.680,0.943
40.710,0.946
40.740,0.953
40.770,0.958
40.800,0.962
40.830,0.953
40.860,0.950
40.890,0.947
40.920,0.952
40.950,0.958
40.980,0.956
41.010,0.956
41.040,0.949
41.070,0.948
41.100,0.956
41.130,0.961
41.160,0.957
41.190,0.949
41.220,0.946
41.250,0.956
41.280,0.953
41.310,0.947
41.340,0.956
41.370,0.959
41.400,0.952
41.430,0.956
41.460,0.952
41.490,0.954
41.520,0.951
41.550,0.953
41.580,0.954
41.610,0.948
41.640,0.953
41.670,0.959
41.700,0.960
41.730,0.955
41.760,0.951
41.790,0.954
41.820,0.953
41.850,0.957
41.880,0.951
41.910,0.946
41.940,0.958
41.970,0.951
42.000,0.952
42.030,0.954
42.060,0.954
42.090,0.950
42.120,0.954
42.150,0.955
42.180,0.952
42.210,0.955
42.240,0.950
42.270,0.953
42.300,0.950
42.330,0.954
42.360,0.957
42.390,0.959
42.420,0.947
42.450,0.953
42.480,0.956
42.510,0.948
42.540,0.950
42.570,0.953
42.600,0.955
42.630,0.955
42.660,0.953
42.690,0.956
42.720,0.951
42.750,0.958
42.780,0.951
42.810,0.948
42.840,0.952
42.870,0.959
42.900,0.946
42.930,0.954
42.960,0.956
42.990,0.955
43.020,0.947
43.050,0.953
43.080,0.948
43.110,0.957
43.140,0.960
43.170,0.954
43.200,0.951
43.230,0.954
43.260,0.949
43.290,0.955
43.320,0.956
43.350,0.950
43.380,0.948
43.410,0.958
43.440,0.954
43.470,0.959
43.500,0.966
43.530,0.961
43.560,0.957
43.590,0.942
43.620,0.956
43.650,0.962
43.680,0.947
43.710,0.965
43.740,0.976
43.770,0.950
43.800,0.941
43.830,0.948
43.860,0.940
43.890,0.952
43.920,0.963
43.950,0.965
43.980,0.960
44.010,0.950
44.040,0.947
44.070,0.940
44.100,0.944
44.130,0.949
44.160,0.946
44.190,0.945
44.220,0.964
44.250,0.965
44.280,0.949
44.310,0.955
44.340,0.945
44.370,0.953
44.400,0.957
44.430,0.954
44.460,0.960
44.490,0.957
44.520,0.951
44.550,0.957
44.580,0.958
44.610,0.950
44.640,0.952
44.670,0.958
44.700,0.950
44.730,0.950
44.760,0.951
44.790,0.958
44.820,0.954
44.850,0.962
44.880,0.949
44.910,0.956
44.940,0.954
44.970,0.949
45.000,0.950
45.030,0.953
45.060,0.958
45.090,0.956
45.120,0.945
45.150,0.949
45.180,0.955
45.210,0.954
45.240,0.954
45.270,0.953
45.300,0.971
45.330,0.964
45.360,0.956
45.390,0.958
45.420,0.946
45.450,0.952
45.480,0.959
45.510,0.957
45.540,0.956
45.570,0.957
45.600,0.957
45.630,0.957
45.660,0.957
45.690,0.956
45.720,0.960
45.750,0.953
45.780,0.950
45.810,0.957
45.840,0.961
45.870,0.958
45.900,0.951
45.930,0.950
45.960,0.959
45.990,0.959
46.020,0.953
46.050,0.955
46.080,0.956
46.110,0.963
46.140,0.952
46.170,0.948
46.200,0.951
46.230,0.956
46.260,0.957
46.290,0.964
46.320,0.956
46.350,0.958
46.380,0.947
46.410,0.949
46.440,0.958
46.470,0.958
46.500,0.968
46.530,0.956
46.560,0.958
46.590,0.950
46.620,0.945
46.650,0.953
46.680,0.955
46.710,0.963
46.740,0.960
46.770,0.958
46.800,0.953
46.830,0.943
46.860,0.951
46.890,0.956
46.920,0.958
46.950,0.962
46.980,0.963
47.010,0.953
47.040,0.943
47.070,0.950
47.100,0.961
47.130,0.967
47.160,0.962
47.190,0.951
47.220,0.942
47.250,0.947
47.280,0.956
47.310,0.965
47.340,0.963
47.370,0.959
47.400,0.957
47.430,0.945
47.460,0.944
47.490,0.956
47.520,0.956
47.550,0.965
47.580,0.960
47.610,0.953
47.640,0.952
47.670,0.949
47.700,0.954
47.730,0.953
47.760,0.964
47.790,0.960
47.820,0.952
47.850,0.956
47.880,0.957
47.910,0.950
47.940,0.955
47.970,0.960
48.000,0.955
48.030,0.950
48.060,0.954
48.090,0.960
48.120,0.956
48.150,0.960
48.180,0.959
48.210,0.950
48.240,0.952
48.270,0.955
48.300,0.955
48.330,0.958
48.360,0.956
48.390,0.958
48.420,0.956
48.450,0.960
48.480,0.956
48.510,0.956
48.540,0.950
48.570,0.958
48.600,0.953
48.630,0.955
48.660,0.959
48.690,0.959
48.720,0.954
48.750,0.955
48.780,0.951
48.810,0.957
48.840,0.958
48.870,0.956
48.900,0.955
48.930,0.949
48.960,0.951
48.990,0.958
49.020,0.956
49.050,0.955
49.080,0.954
49.110,0.955
49.140,0.956
49.170,0.956
49.200,0.955
49.230,0.958
49.260,0.956
49.290,0.955
49.320,0.952
49.350,0.954
49.380,0.957
49.410,0.959
49.440,0.955
49.470,0.951
49.500,0.958
49.530,0.955
49.560,0.957
49.590,0.960
49.620,0.948
49.650,0.953
49.680,0.961
49.710,0.959
49.740,0.956
49.770,0.955
49.800,0.954
49.830,0.953
49.860,0.958
49.890,0.958
49.920,0.956
49.950,0.958
49.980,0.951
50.010,0.959
50.040,0.955
50.070,0.956
50.100,0.957
50.130,0.956
50.160,0.954
50.190,0.955
50.220,0.958
50.250,0.952
50.280,0.949
50.310,0.952
50.340,0.948
50.370,0.959
50.400,0.956
50.430,0.952
50.460,0.957
50.490,0.957
50.520,0.950
50.550,0.957
50.580,0.957
50.610,0.957
50.640,0.957
50.670,0.958
50.700,0.956
50.730,0.956
50.760,0.947
50.790,0.955
50.820,0.958
50.850,0.956
50.880,0.957
50.910,0.956
50.940,0.957
50.970,0.954
51.000,0.954
51.030,0.957
51.060,0.950
51.090,0.960
51.120,0.959
51.150,0.956
51.180,0.956
51.210,0.955
51.240,0.953
51.270,0.955
51.300,0.958
51.330,0.959
51.360,0.958
51.390,0.955
51.420,0.956
51.450,0.956
51.480,0.953
51.510,0.957
51.540,0.949
51.570,0.954
51.600,0.963
51.630,0.959
51.660,0.953
51.690,0.953
51.720,0.958
51.750,0.954
51.780,0.956
51.810,0.952
51.840,0.953
51.870,0.956
51.900,0.961
51.930,0.955
51.960,0.961
51.990,0.956
52.020,0.954
52.050,0.953
52.080,0.950
52.110,0.955
52.140,0.964
52.170,0.953
52.200,0.958
52.230,0.955
52.260,0.953
52.290,0.949
52.320,0.958
52.350,0.958
52.380,0.964
52.410,0.939
52.440,0.949
52.470,0.959
52.500,0.953
52.530,0.957
52.560,0.959
52.590,0.953
52.620,0.960
52.650,0.956
52.680,0.953
52.710,0.957
52.740,0.957
52.770,0.949
52.800,0.954
52.830,0.958
52.860,0.958
52.890,0.954
52.920,0.954
52.950,0.953
52.980,0.959
53.010,0.968
53.040,0.955
53.070,0.947
53.100,0.960
53.130,0.956
53.160,0.957
53.190,0.953
53.220,0.958
53.250,0.953
53.280,0.957
53.310,0.956
53.340,0.950
53.370,0.954
53.400,0.956
53.430,0.955
53.460,0.959
53.490,0.972
53.520,0.970
53.550,0.973
53.580,0.954
53.610,0.933
53.640,0.938
53.670,0.950
53.700,0.959
53.730,0.955
53.760,0.953
53.790,0.959
53.820,0.958
53.850,0.969
53.880,0.958
53.910,0.955
53.940,0.959
53.970,0.953
54.000,0.949
54.030,0.956
54.060,0.975
54.090,0.945
54.120,0.958
54.150,0.970
54.180,0.952
54.210,0.976
54.240,0.941
54.270,0.953
54.300,0.961
54.330,0.938
54.360,0.960
54.390,0.958
54.420,0.950
54.450,0.958
54.480,0.950
54.510,0.949
54.540,0.953
54.570,0.966
54.600,0.948
54.630,0.955
54.660,0.965
54.690,0.968
54.720,0.930
54.750,0.965
54.780,0.976
54.810,0.918
54.840,0.974
54.870,0.958
54.900,0.950
54.930,0.955
54.960,0.951
54.990,0.949
55.020,0.955
55.050,0.950
55.080,0.940
55.110,0.966
55.140,0.975
55.170,0.945
55.200,0.969
55.230,0.969
55.260,0.936
55.290,0.959
55.320,0.965
55.350,0.948
55.380,0.944
55.410,0.963
55.440,0.965
55.470,0.956
55.500,0.954
55.530,0.959
55.560,0.959
55.590,0.944
55.620,0.947
55.650,0.963
55.680,0.958
55.710,0.953
55.740,0.946
55.770,0.954
55.800,0.953
55.830,0.950
55.860,0.954
55.890,0.957
55.920,0.958
55.950,0.958
55.980,0.950
56.010,0.952
56.040,0.952
56.070,0.959
56.100,0.950
56.130,0.959
56.160,0.958
56.190,0.952
56.220,0.957
56.250,0.956
56.280,0.953
56.310,0.954
56.340,0.956
56.370,0.961
56.400,0.952
56.430,0.954
56.460,0.954
56.490,0.959
56.520,0.957
56.550,0.954
56.580,0.954
56.610,0.958
56.640,0.953
56.670,0.950
56.700,0.952
56.730,0.954
56.760,0.959
56.790,0.958
56.820,0.960
56.850,0.957
56.880,0.955
56.910,0.950
56.940,0.948
56.970,0.956
57.000,0.957
57.030,0.951
57.060,0.953
57.090,0.957
57.120,0.960
57.150,0.952
57.180,0.958
57.210,0.950
57.240,0.945
57.270,0.952
57.300,0.958
57.330,0.958
57.360,0.956
57.390,0.953
57.420,0.950
57.450,0.955
57.480,0.956
57.510,0.957
57.540,0.958
57.570,0.955
57.600,0.954
57.630,0.954
57.660,0.954
57.690,0.950
57.720,0.958
57.750,0.952
57.780,0.950
57.810,0.960
57.840,0.958
57.870,0.953
57.900,0.957
57.930,0.959
57.960,0.953
57.990,0.951
58.020,0.953
58.050,0.947
58.080,0.962
58.110,0.961
58.140,0.955
58.170,0.953
58.200,0.952
58.230,0.952
58.260,0.953
58.290,0.958
58.320,0.959
58.350,0.957
58.380,0.950
58.410,0.954
58.440,0.959
58.470,0.954
58.500,0.947
58.530,0.955
58.560,0.955
58.590,0.961
58.620,0.954
58.650,0.957
58.680,0.953
58.710,0.958
58.740,0.957
58.770,0.949
58.800,0.957
58.830,0.957
58.860,0.949
58.890,0.954
58.920,0.960
58.950,0.955
58.980,0.957
59.010,0.955
59.040,0.952
59.070,0.951
59.100,0.953
59.130,0.945
59.160,0.952
59.190,0.966
59.220,0.962
59.250,0.950
59.280,0.955
59.310,0.951
59.340,0.953
59.370,0.957
59.400,0.958
59.430,0.957
59.460,0.955
59.490,0.957
59.520,0.953
59.550,0.952
59.580,0.954
59.610,0.952
59.640,0.959
59.670,0.962
59.700,0.954
59.730,0.959
59.760,0.955
59.790,0.957
59.820,0.952
59.850,0.958
59.880,0.953
59.910,0.955
59.940,0.956
59.970,0.959
60.000,0.953
60.030,0.950
60.060,0.952
60.090,0.955
60.120,0.960
60.150,0.959
60.180,0.956
60.210,0.956
60.240,0.956
60.270,0.953
60.300,0.955
60.330,0.954
60.360,0.954
60.390,0.965
60.420,0.959
60.450,0.956
60.480,0.955
60.510,0.952
60.540,0.949
60.570,0.955
60.600,0.954
60.630,0.959
60.660,0.958
60.690,0.957
60.720,0.952
60.750,0.952
60.780,0.947
60.810,0.957
60.840,0.959
60.870,0.953
60.900,0.949
60.930,0.953
60.960,0.957
60.990,0.960
61.020,0.955
61.050,0.951
61.080,0.953
61.110,0.963
61.140,0.962
61.170,0.951
61.200,0.953
61.230,0.955
61.260,0.951
61.290,0.953
61.320,0.957
61.350,0.957
61.380,0.958
61.410,0.957
61.440,0.956
61.470,0.951
61.500,0.953
61.530,0.960
61.560,0.958
61.590,0.954
61.620,0.956
61.650,0.962
61.680,0.953
61.710,0.953
61.740,0.953
61.770,0.955
61.800,0.958
61.830,0.959
61.860,0.956
61.890,0.958
61.920,0.957
61.950,0.949
61.980,0.955
62.010,0.955
62.040,0.953
62.070,0.959
62.100,0.956
62.130,0.956
62.160,0.949
62.190,0.951
62.220,0.958
62.250,0.956
62.280,0.952
62.310,0.957
62.340,0.952
62.370,0.951
62.400,0.955
62.430,0.953
62.460,0.951
62.490,0.963
62.520,0.965
62.550,0.955
62.580,0.956
62.610,0.955
62.640,0.952
62.670,0.953
62.700,0.957
62.730,0.958
62.760,0.960
62.790,0.954
62.820,0.957
62.850,0.951
62.880,0.951
62.910,0.959
62.940,0.958
62.970,0.952
63.000,0.957
63.030,0.955
63.060,0.954
63.090,0.958
63.120,0.954
63.150,0.951
63.180,0.962
63.210,0.960
63.240,0.955
63.270,0.956
63.300,0.952
63.330,0.950
63.360,0.953
63.390,0.957
63.420,0.958
63.450,0.955
63.480,0.960
63.510,0.960
63.540,0.949
63.570,0.951
63.600,0.959
63.630,0.955
63.660,0.952
63.690,0.960
63.720,0.960
63.750,0.951
63.780,0.954
63.810,0.958
63.840,0.952
63.870,0.959
63.900,0.959
63.930,0.953
63.960,0.956
63.990,0.956
64.020,0.950
64.050,0.958
64.080,0.959
64.110,0.958
64.140,0.954
64.170,0.959
64.200,0.952
64.230,0.954
64.260,0.954
64.290,0.958
64.320,0.960
64.350,0.956
64.380,0.952
64.410,0.958
64.440,0.955
64.470,0.953
64.500,0.952
64.530,0.952
64.560,0.956
64.590,0.965
64.620,0.954
64.650,0.955
64.680,0.957
64.710,0.955
64.740,0.950
64.770,0.955
64.800,0.958
64.830,0.956
64.860,0.961
64.890,0.959
64.920,0.955
64.950,0.947
64.980,0.954
65.010,0.961
65.040,0.962
65.070,0.949
65.100,0.954
65.130,0.958
65.160,0.955
65.190,0.952
65.220,0.952
65.250,0.957
65.280,0.962
65.310,0.956
65.340,0.953
65.370,0.958
65.400,0.958
65.430,0.956
65.460,0.956
65.490,0.960
65.520,0.955
65.550,0.959
65.580,0.957
65.610,0.957
65.640,0.949
65.670,0.950
65.700,0.956
65.730,0.957
65.760,0.957
65.790,0.954
65.820,0.957
65.850,0.956
65.880,0.955
65.910,0.955
65.940,0.954
65.970,0.958
66.000,0.957
66.030,0.953
66.060,0.959
66.090,0.956
66.120,0.952
66.150,0.953
66.180,0.957
66.210,0.961
66.240,0.956
66.270,0.959
66.300,0.950
66.330,0.952
66.360,0.960
66.390,0.958
66.420,0.952
66.450,0.958
66.480,0.958
66.510,0.953
66.540,0.953
66.570,0.956
66.600,0.957
66.630,0.961
66.660,0.955
66.690,0.955
66.720,0.958
66.750,0.958
66.780,0.952
66.810,0.954
66.840,0.958
66.870,0.956
66.900,0.956
66.930,0.960
66.960,0.956
66.990,0.955
67.020,0.950
67.050,0.952
67.080,0.965
67.110,0.958
67.140,0.951
67.170,0.956
67.200,0.954
67.230,0.956
67.260,0.952
67.290,0.948
67.320,0.952
67.350,0.965
67.380,0.959
67.410,0.955
67.440,0.950
67.470,0.957
67.500,0.953
67.530,0.958
67.560,0.961
67.590,0.960
67.620,0.957
67.650,0.952
67.680,0.956
67.710,0.949
67.740,0.958
67.770,0.962
67.800,0.955
67.830,0.952
67.860,0.956
67.890,0.954
67.920,0.956
67.950,0.957
67.980,0.949
68.010,0.958
68.040,0.959
68.070,0.956
68.100,0.959
68.130,0.958
68.160,0.957
68.190,0.954
68.220,0.956
68.250,0.958
68.280,0.957
68.310,0.958
68.340,0.958
68.370,0.952
68.400,0.956
68.430,0.956
68.460,0.958
68.490,0.962
68.520,0.953
68.550,0.953
68.580,0.960
68.610,0.956
68.640,0.953
68.670,0.954
68.700,0.951
68.730,0.955
68.760,0.964
68.790,0.957
68.820,0.953
68.850,0.953
68.880,0.956
68.910,0.954
68.940,0.953
68.970,0.960
69.000,0.959
69.030,0.958
69.060,0.958
69.090,0.957
69.120,0.956
69.150,0.960
69.180,0.959
69.210,0.959
69.240,0.951
69.270,0.955
69.300,0.955
69.330,0.954
69.360,0.956
69.390,0.950
69.420,0.951
69.450,0.961
69.480,0.955
69.510,0.957
69.540,0.960
69.570,0.954
69.600,0.953
69.630,0.955
69.660,0.957
69.690,0.961
69.720,0.959
69.750,0.959
69.780,0.949
69.810,0.955
69.840,0.957
69.870,0.960
69.900,0.958
69.930,0.956
69.960,0.949
69.990,0.957
70.020,0.954
70.050,0.958
70.080,0.954
70.110,0.950
70.140,0.958
70.170,0.966
70.200,0.960
70.230,0.958
70.260,0.955
70.290,0.955
70.320,0.957
70.350,0.957
70.380,0.958
70.410,0.957
70.440,0.957
70.470,0.961
70.500,0.954
70.530,0.955
70.560,0.956
70.590,0.955
70.620,0.959
70.650,0.963
70.680,0.951
70.710,0.955
70.740,0.959
70.770,0.954
70.800,0.952
70.830,0.952
70.860,0.955
70.890,0.962
70.920,0.960
70.950,0.957
70.980,0.958
71.010,0.955
71.040,0.957
71.070,0.957
71.100,0.960
71.130,0.957
71.160,0.958
71.190,0.959
71.220,0.955
71.250,0.956
71.280,0.952
71.310,0.958
71.340,0.966
71.370,0.961
71.400,0.945
71.430,0.948
71.460,0.956
71.490,0.956
71.520,0.958
71.550,0.960
71.580,0.954
71.610,0.956
71.640,0.958
71.670,0.958
71.700,0.957
71.730,0.960
71.760,0.958
71.790,0.954
71.820,0.961
71.850,0.955
71.880,0.958
71.910,0.959
71.940,0.957
71.970,0.949
72.000,0.956
72.030,0.957
72.060,0.961
72.090,0.960
72.120,0.960
72.150,0.952
72.180,0.956
72.210,0.954
72.240,0.954
72.270,0.959
72.300,0.953
72.330,0.958
72.360,0.958
72.390,0.957
72.420,0.954
72.450,0.959
72.480,0.955
72.510,0.958
72.540,0.958
72.570,0.959
72.600,0.960
72.630,0.955
72.660,0.953
72.690,0.956
72.720,0.958
72.750,0.958
72.780,0.962
72.810,0.959
72.840,0.955
72.870,0.956
72.900,0.956
72.930,0.956
72.960,0.958
72.990,0.956
73.020,0.954
73.050,0.961
73.080,0.959
73.110,0.956
73.140,0.957
73.170,0.954
73.200,0.955
73.230,0.955
73.260,0.958
73.290,0.958
73.320,0.959
73.350,0.959
73.380,0.954
73.410,0.956
73.440,0.948
73.470,0.955
73.500,0.961
73.530,0.956
73.560,0.954
73.590,0.956
73.620,0.957
73.650,0.952
73.680,0.955
73.710,0.955
73.740,0.953
73.770,0.965
73.800,0.961
73.830,0.951
73.860,0.959
73.890,0.958
73.920,0.953
73.950,0.953
73.980,0.959
74.010,0.961
74.040,0.960
74.070,0.956
74.100,0.956
74.130,0.951
74.160,0.955
74.190,0.958
74.220,0.958
74.250,0.953
74.280,0.956
74.310,0.956
74.340,0.955
74.370,0.957
74.400,0.956
74.430,0.953
74.460,0.963
74.490,0.966
74.520,0.963
74.550,0.955
74.580,0.956
74.610,0.953
74.640,0.949
74.670,0.951
74.700,0.950
74.730,0.957
74.760,0.957
74.790,0.964
74.820,0.963
74.850,0.970
74.880,0.963
74.910,0.956
74.940,0.968
74.970,0.953
75.000,0.952
75.030,0.954
75.060,0.951
75.090,0.948
75.120,0.961
75.150,0.943
75.180,0.944
75.210,0.948
75.240,0.943
75.270,0.937
75.300,0.946
75.330,0.955
75.360,0.952
75.390,0.942
75.420,0.959
75.450,0.948
75.480,0.939
75.510,0.945
75.540,0.949
75.570,0.929
75.600,0.964
75.630,0.966
75.660,0.952
75.690,0.962
75.720,0.940
75.750,0.939
75.780,0.965
75.810,0.965
75.840,0.960
75.870,0.964
75.900,0.955
75.930,0.955
75.960,0.953
75.990,0.953
76.020,0.955
76.050,0.948
76.080,0.944
76.110,0.955
76.140,0.956
76.170,0.948
76.200,0.955
76.230,0.945
76.260,0.952
76.290,0.956
76.320,0.961
76.350,0.950
76.380,0.939
76.410,0.949
76.440,0.949
76.470,0.945
76.500,0.953
76.530,0.951
76.560,0.961
76.590,0.953
76.620,0.951
76.650,0.949
76.680,0.953
76.710,0.950
76.740,0.971
76.770,0.977
76.800,0.963
76.830,0.949
76.860,0.947
76.890,0.949
76.920,0.956
76.950,0.956
76.980,0.959
77.010,0.951
77.040,0.949
77.070,0.941
77.100,0.956
77.130,0.951
77.160,0.951
77.190,0.951
77.220,0.951
77.250,0.946
77.280,0.948
77.310,0.950
77.340,0.947
77.370,0.953
77.400,0.945
77.430,0.942
77.460,0.941
77.490,0.952
77.520,0.962
77.550,0.961
77.580,0.954
77.610,0.935
77.640,0.952
77.670,0.949
77.700,0.947
77.730,0.960
77.760,0.964
77.790,0.950
77.820,0.941
77.850,0.947
77.880,0.957
77.910,0.947
77.940,0.953
77.970,0.957
78.000,0.957
78.030,0.959
78.060,0.950
78.090,0.953
78.120,0.948
78.150,0.952
78.180,0.962
78.210,0.960
78.240,0.968
78.270,0.968
78.300,0.951
78.330,0.958
78.360,0.965
78.390,0.954
78.420,0.977
78.450,0.964
78.480,0.956
78.510,0.949
78.540,0.952
78.570,0.955
78.600,0.952
78.630,0.959
78.660,0.960
78.690,0.953
78.720,0.954
78.750,0.960
78.780,0.959
78.810,0.956
78.840,0.961
78.870,0.961
78.900,0.959
78.930,0.956
78.960,0.960
78.990,0.964
79.020,0.955
79.050,0.957
79.080,0.962
79.110,0.961
79.140,0.956
79.170,0.953
79.200,0.955
79.230,0.951
79.260,0.963
79.290,0.961
79.320,0.957
79.350,0.957
79.380,0.955
79.410,0.952
79.440,0.957
79.470,0.963
79.500,0.957
79.530,0.955
79.560,0.957
79.590,0.953
79.620,0.957
79.650,0.960
79.680,0.958
79.710,0.958
79.740,0.962
79.770,0.956
79.800,0.957
79.830,0.957
79.860,0.955
79.890,0.961
79.920,0.959
79.950,0.954
79.980,0.957
80.010,0.961
80.040,0.960
80.070,0.954
80.100,0.957
80.130,0.959
80.160,0.959
80.190,0.958
80.220,0.957
80.250,0.954
80.280,0.959
80.310,0.958
80.340,0.958
80.370,0.954
80.400,0.958
80.430,0.957
80.460,0.955
80.490,0.957
80.520,0.954
80.550,0.962
80.580,0.958
80.610,0.956
80.640,0.955
80.670,0.958
80.700,0.957
80.730,0.957
80.760,0.958
80.790,0.957
80.820,0.957
80.850,0.958
80.880,0.954
80.910,0.957
80.940,0.951
80.970,0.957
81.000,0.963
81.030,0.959
81.060,0.954
81.090,0.955
81.120,0.960
81.150,0.953
81.180,0.957
81.210,0.955
81.240,0.955
81.270,0.961
81.300,0.957
81.330,0.957
81.360,0.957
81.390,0.955
81.420,0.957
81.450,0.955
81.480,0.961
81.510,0.958
81.540,0.958
81.570,0.963
81.600,0.961
81.630,0.951
81.660,0.956
81.690,0.955
81.720,0.960
81.750,0.963
81.780,0.960
81.810,0.953
81.840,0.959
81.870,0.957
81.900,0.953
81.930,0.954
81.960,0.955
81.990,0.958
82.020,0.962
82.050,0.956
82.080,0.955
82.110,0.958
82.140,0.958
82.170,0.959
82.200,0.960
82.230,0.958
82.260,0.958
82.290,0.958
82.320,0.959
82.350,0.955
82.380,0.956
82.410,0.948
82.440,0.957
82.470,0.964
82.500,0.961
82.530,0.961
82.560,0.953
82.590,0.957
82.620,0.950
82.650,0.952
82.680,0.964
82.710,0.958
82.740,0.960
82.770,0.963
82.800,0.961
82.830,0.962
82.860,0.959
82.890,0.958
82.920,0.949
82.950,0.955
82.980,0.963
83.010,0.961
83.040,0.958
83.070,0.959
83.100,0.952
83.130,0.952
83.160,0.957
83.190,0.964
83.220,0.961
83.250,0.964
83.280,0.959
83.310,0.956
83.340,0.956
83.370,0.956
83.400,0.955
83.430,0.960
83.460,0.958
83.490,0.957
83.520,0.957
83.550,0.959
83.580,0.957
83.610,0.958
83.640,0.958
83.670,0.958
83.700,0.961
83.730,0.957
83.760,0.959
83.790,0.957
83.820,0.958
83.850,0.957
83.880,0.958
83.910,0.958
83.940,0.958
83.970,0.957
84.000,0.958
84.030,0.954
84.060,0.957
84.090,0.956
84.120,0.960
84.150,0.959
84.180,0.951
84.210,0.958
84.240,0.965
84.270,0.957
84.300,0.958
84.330,0.959
84.360,0.958
84.390,0.963
84.420,0.959
84.450,0.961
84.480,0.953
84.510,0.961
84.540,0.970
84.570,0.974
84.600,0.965
84.630,0.966
84.660,0.958
84.690,0.958
84.720,0.958
84.750,0.947
84.780,0.948
84.810,0.961
84.840,0.948
84.870,0.942
84.900,0.947
84.930,0.946
84.960,0.930
84.990,0.952
85.020,0.959
85.050,0.959
85.080,0.950
85.110,0.962
85.140,0.964
85.170,0.949
85.200,0.940
85.230,0.962
85.260,0.954
85.290,0.949
85.320,0.945
85.350,0.947
85.380,0.955
85.410,0.954
85.440,0.955
85.470,0.954
85.500,0.952
85.530,0.948
85.560,0.954
85.590,0.949
85.620,0.962
85.650,0.966
85.680,0.969
85.710,0.961
85.740,0.954
85.770,0.960
85.800,0.955
85.830,0.963
85.860,0.962
85.890,0.959
85.920,0.959
85.950,0.965
85.980,0.955
86.010,0.955
86.040,0.950
86.070,0.948
86.100,0.956
86.130,0.960
86.160,0.956
86.190,0.956
86.220,0.958
86.250,0.957
86.280,0.955
86.310,0.954
86.340,0.953
86.370,0.957
86.400,0.960
86.430,0.958
86.460,0.952
86.490,0.957
86.520,0.959
86.550,0.955
86.580,0.956
86.610,0.956
86.640,0.957
86.670,0.955
86.700,0.948
86.730,0.956
86.760,0.958
86.790,0.957
86.820,0.957
86.850,0.958
86.880,0.957
86.910,0.956
86.940,0.954
86.970,0.951
87.000,0.955
87.030,0.959
87.060,0.958
87.090,0.955
87.120,0.957
87.150,0.950
87.180,0.960
87.210,0.961
87.240,0.957
87.270,0.957
87.300,0.954
87.330,0.959
87.360,0.958
87.390,0.958
87.420,0.957
87.450,0.954
87.480,0.961
87.510,0.960
87.540,0.955
87.570,0.956
87.600,0.954
87.630,0.956
87.660,0.958
87.690,0.956
87.720,0.960
87.750,0.961
87.780,0.960
87.810,0.954
87.840,0.957
87.870,0.959
87.900,0.961
87.930,0.958
87.960,0.953
87.990,0.957
88.020,0.950
88.050,0.954
88.080,0.951
88.110,0.953
88.140,0.957
88.170,0.960
88.200,0.957
88.230,0.958
88.260,0.954
88.290,0.957
88.320,0.954
88.350,0.957
88.380,0.960
88.410,0.957
88.440,0.959
88.470,0.958
88.500,0.956
88.530,0.955
88.560,0.958
88.590,0.949
88.620,0.952
88.650,0.958
88.680,0.963
88.710,0.958
88.740,0.954
88.770,0.958
88.800,0.954
88.830,0.957
88.860,0.960
88.890,0.956
88.920,0.958
88.950,0.961
88.980,0.957
89.010,0.954
89.040,0.955
89.070,0.954
89.100,0.957
89.130,0.960
89.160,0.957
89.190,0.960
89.220,0.958
89.250,0.961
89.280,0.953
89.310,0.955
89.340,0.955
89.370,0.958
89.400,0.959
89.430,0.964
89.460,0.956
89.490,0.956
89.520,0.955
89.550,0.956
89.580,0.955
89.610,0.955
89.640,0.957
89.670,0.963
89.700,0.958
89.730,0.955
89.760,0.958
89.790,0.962
89.820,0.956
89.850,0.949
89.880,0.961
89.910,0.958
89.940,0.959
89.970,0.951
90.000,0.959
90.030,0.951
90.060,0.957
90.090,0.961
90.120,0.958
90.150,0.951
90.180,0.958
90.210,0.956
90.240,0.955
90.270,0.958
90.300,0.953
90.330,0.958
90.360,0.963
90.390,0.958
90.420,0.958
90.450,0.959
90.480,0.958
90.510,0.952
90.540,0.958
90.570,0.960
90.600,0.954
90.630,0.959
90.660,0.961
90.690,0.955
90.720,0.955
90.750,0.951
90.780,0.957
90.810,0.960
90.840,0.958
90.870,0.954
90.900,0.955
90.930,0.961
90.960,0.953
90.990,0.953
91.020,0.958
91.050,0.954
91.080,0.960
91.110,0.961
91.140,0.953
91.170,0.958
91.200,0.958
91.230,0.956
91.260,0.951
91.290,0.958
91.320,0.959
91.350,0.959
91.380,0.960
91.410,0.955
91.440,0.957
91.470,0.954
91.500,0.959
91.530,0.962
91.560,0.955
91.590,0.952
91.620,0.962
91.650,0.956
91.680,0.955
91.710,0.951
91.740,0.958
91.770,0.956
91.800,0.963
91.830,0.957
91.860,0.957
91.890,0.957
91.920,0.960
91.950,0.956
91.980,0.954
92.010,0.961
92.040,0.961
92.070,0.960
92.100,0.957
92.130,0.955
92.160,0.951
92.190,0.957
92.220,0.955
92.250,0.954
92.280,0.963
92.310,0.958
92.340,0.949
92.370,0.957
92.400,0.955
92.430,0.958
92.460,0.955
92.490,0.958
92.520,0.955
92.550,0.956
92.580,0.957
92.610,0.957
92.640,0.958
92.670,0.958
92.700,0.957
92.730,0.958
92.760,0.959
92.790,0.958
92.820,0.961
92.850,0.957
92.880,0.960
92.910,0.954
92.940,0.956
92.970,0.959
93.000,0.958
93.030,0.953
93.060,0.958
93.090,0.958
93.120,0.958
93.150,0.962
93.180,0.952
93.210,0.957
93.240,0.962
93.270,0.952
93.300,0.959
93.330,0.959
93.360,0.957
93.390,0.952
93.420,0.958
93.450,0.959
93.480,0.961
93.510,0.956
93.540,0.960
93.570,0.955
93.600,0.957
93.630,0.955
93.660,0.961
93.690,0.963
93.720,0.956
93.750,0.957
93.780,0.959
93.810,0.954
93.840,0.958
93.870,0.958
93.900,0.951
93.930,0.958
93.960,0.961
93.990,0.959
94.020,0.959
94.050,0.957
94.080,0.953
94.110,0.953
94.140,0.959
94.170,0.959
94.200,0.957
94.230,0.962
94.260,0.950
94.290,0.953
94.320,0.956
94.350,0.962
94.380,0.959
94.410,0.959
94.440,0.949
94.470,0.958
94.500,0.960
94.530,0.955
94.560,0.950
94.590,0.952
94.620,0.958
94.650,0.963
94.680,0.957
94.710,0.958
94.740,0.956
94.770,0.958
94.800,0.957
94.830,0.958
94.860,0.958
94.890,0.959
94.920,0.958
94.950,0.956
94.980,0.957
95.010,0.957
95.040,0.954
95.070,0.959
95.100,0.964
95.130,0.959
95.160,0.949
95.190,0.958
95.220,0.958
95.250,0.960
95.280,0.952
95.310,0.953
95.340,0.954
95.370,0.963
95.400,0.957
95.430,0.957
95.460,0.957
95.490,0.957
95.520,0.955
95.550,0.957
95.580,0.960
95.610,0.958
95.640,0.962
95.670,0.957
95.700,0.958
95.730,0.956
95.760,0.959
95.790,0.959
95.820,0.956
95.850,0.955
95.880,0.963
95.910,0.959
95.940,0.955
95.970,0.954
96.000,0.953
96.030,0.957
96.060,0.966
96.090,0.958
96.120,0.957
96.150,0.956
96.180,0.959
96.210,0.956
96.240,0.956
96.270,0.961
96.300,0.958
96.330,0.957
96.360,0.954
96.390,0.961
96.420,0.955
96.450,0.958
96.480,0.948
96.510,0.955
96.540,0.960
96.570,0.959
96.600,0.953
96.630,0.962
96.660,0.960
96.690,0.954
96.720,0.957
96.750,0.954
96.780,0.956
96.810,0.961
96.840,0.958
96.870,0.955
96.900,0.956
96.930,0.957
96.960,0.958
96.990,0.959
97.020,0.958
97.050,0.961
97.080,0.958
97.110,0.958
97.140,0.958
97.170,0.956
97.200,0.954
97.230,0.957
97.260,0.960
97.290,0.961
97.320,0.957
97.350,0.951
97.380,0.958
97.410,0.956
97.440,0.957
97.470,0.955
97.500,0.954
97.530,0.960
97.560,0.960
97.590,0.956
97.620,0.956
97.650,0.957
97.680,0.958
97.710,0.957
97.740,0.958
97.770,0.958
97.800,0.958
97.830,0.960
97.860,0.956
97.890,0.958
97.920,0.951
97.950,0.956
97.980,0.962
98.010,0.960
98.040,0.959
98.070,0.958
98.100,0.962
98.130,0.955
98.160,0.958
98.190,0.957
98.220,0.960
98.250,0.960
98.280,0.960
98.310,0.958
98.340,0.957
98.370,0.960
98.400,0.956
98.430,0.958
98.460,0.963
98.490,0.960
98.520,0.957
98.550,0.960
98.580,0.959
98.610,0.962
98.640,0.952
98.670,0.957
98.700,0.955
98.730,0.957
98.760,0.962
98.790,0.959
98.820,0.951
98.850,0.959
98.880,0.957
98.910,0.955
98.940,0.954
98.970,0.950
99.000,0.958
99.030,0.963
99.060,0.960
99.090,0.957
99.120,0.958
99.150,0.954
99.180,0.954
99.210,0.960
99.240,0.963
99.270,0.958
99.300,0.958
99.330,0.957
99.360,0.957
99.390,0.958
99.420,0.952
99.450,0.960
99.480,0.958
99.510,0.958
99.540,0.954
99.570,0.958
99.600,0.957
99.630,0.959
99.660,0.958
99.690,0.961
99.720,0.957
99.750,0.958
99.780,0.959
99.810,0.957
99.840,0.955
99.870,0.957
99.900,0.954
99.930,0.961
99.960,0.969
99.990,0.960
100.020,0.958
100.050,0.951
100.080,0.963
100.110,0.961
100.140,0.949
100.170,0.956
100.200,0.965
100.230,0.936
100.260,0.938
100.290,0.956
100.320,0.970
100.350,0.973
100.380,0.959
100.410,0.962
100.440,0.974
100.470,0.956
100.500,0.942
100.530,0.965
100.560,0.970
100.590,0.962
100.620,0.956
100.650,0.962
100.680,0.961
100.710,0.951
100.740,0.956
100.770,0.970
100.800,0.962
100.830,0.949
100.860,0.951
100.890,0.958
100.920,0.959
100.950,0.953
100.980,0.957
101.010,0.966
101.040,0.964
101.070,0.960
101.100,0.961
101.130,0.959
101.160,0.958
101.190,0.945
101.220,0.964
101.250,0.969
101.280,0.961
101.310,0.952
101.340,0.959
101.370,0.961
101.400,0.954
101.430,0.960
101.460,0.961
101.490,0.956
101.520,0.957
101.550,0.946
101.580,0.961
101.610,0.959
101.640,0.964
101.670,0.965
101.700,0.958
101.730,0.960
101.760,0.960
101.790,0.956
101.820,0.952
101.850,0.957
101.880,0.958
101.910,0.953
101.940,0.959
101.970,0.959
102.000,0.959
102.030,0.960
102.060,0.959
102.090,0.956
102.120,0.958
102.150,0.964
102.180,0.964
102.210,0.959
102.240,0.956
102.270,0.955
102.300,0.954
102.330,0.957
102.360,0.964
102.390,0.961
102.420,0.959
102.450,0.957
102.480,0.959
102.510,0.955
102.540,0.958
102.570,0.963
102.600,0.956
102.630,0.959
102.660,0.966
102.690,0.957
102.720,0.959
102.750,0.956
102.780,0.956
102.810,0.955
102.840,0.961
102.870,0.958
102.900,0.962
102.930,0.958
102.960,0.958
102.990,0.955
103.020,0.957
103.050,0.962
103.080,0.962
103.110,0.961
103.140,0.957
103.170,0.957
103.200,0.954
103.230,0.952
103.260,0.960
103.290,0.954
103.320,0.962
103.350,0.961
103.380,0.953
103.410,0.957
103.440,0.960
103.470,0.957
103.500,0.958
103.530,0.958
103.560,0.960
103.590,0.959
103.620,0.957
103.650,0.958
103.680,0.952
103.710,0.959
103.740,0.960
103.770,0.958
103.800,0.955
103.830,0.958
103.860,0.957
103.890,0.953
103.920,0.960
103.950,0.961
103.980,0.953
104.010,0.961
104.040,0.966
104.070,0.961
104.100,0.957
104.130,0.958
104.160,0.957
104.190,0.954
104.220,0.958
104.250,0.962
104.280,0.958
104.310,0.961
104.340,0.962
104.370,0.960
104.400,0.957
104.430,0.950
104.460,0.959
104.490,0.963
104.520,0.958
104.550,0.957
104.580,0.957
104.610,0.958
104.640,0.958
104.670,0.960
104.700,0.963
104.730,0.953
104.760,0.964
104.790,0.960
104.820,0.962
104.850,0.958
104.880,0.960
104.910,0.959
104.940,0.957
104.970,0.958
105.000,0.964
105.030,0.960
105.060,0.961
105.090,0.958
105.120,0.958
105.150,0.957
105.180,0.958
105.210,0.960
105.240,0.958
105.270,0.957
105.300,0.957
105.330,0.962
105.360,0.954
105.390,0.954
105.420,0.958
105.450,0.951
105.480,0.963
105.510,0.960
105.540,0.955
105.570,0.961
105.600,0.964
105.630,0.956
105.660,0.954
105.690,0.961
105.720,0.959
105.750,0.960
105.780,0.961
105.810,0.961
105.840,0.957
105.870,0.954
105.900,0.955
105.930,0.952
105.960,0.960
105.990,0.963
106.020,0.959
106.050,0.957
106.080,0.956
106.110,0.959
106.140,0.955
106.170,0.955
106.200,0.960
106.230,0.954
106.260,0.961
106.290,0.962
106.320,0.961
106.350,0.959
106.380,0.959
106.410,0.958
106.440,0.959
106.470,0.959
106.500,0.962
106.530,0.964
106.560,0.957
106.590,0.959
106.620,0.960
106.650,0.956
106.680,0.952
106.710,0.953
106.740,0.961
106.770,0.966
106.800,0.969
106.830,0.958
106.860,0.954
106.890,0.957
106.920,0.959
106.950,0.957
106.980,0.957
107.010,0.957
107.040,0.955
107.070,0.969
107.100,0.962
107.130,0.955
107.160,0.955
107.190,0.960
107.220,0.955
107.250,0.958
107.280,0.962
107.310,0.959
107.340,0.959
107.370,0.960
107.400,0.961
107.430,0.956
107.460,0.954
107.490,0.952
107.520,0.956
107.550,0.969
107.580,0.963
107.610,0.956
107.640,0.957
107.670,0.960
107.700,0.959
107.730,0.957
107.760,0.959
107.790,0.953
107.820,0.959
107.850,0.963
107.880,0.958
107.910,0.960
107.940,0.959
107.970,0.956
108.000,0.959
108.030,0.964
108.060,0.962
108.090,0.960
108.120,0.957
108.150,0.954
108.180,0.957
108.210,0.958
108.240,0.957
108.270,0.961
108.300,0.957
108.330,0.957
108.360,0.964
108.390,0.962
108.420,0.958
108.450,0.956
108.480,0.954
108.510,0.957
108.540,0.962
108.570,0.958
108.600,0.959
108.630,0.962
108.660,0.960
108.690,0.956
108.720,0.957
108.750,0.959
108.780,0.961
108.810,0.959
108.840,0.958
108.870,0.956
108.900,0.954
108.930,0.955
108.960,0.960
108.990,0.965
109.020,0.958
109.050,0.955
109.080,0.964
109.110,0.960
109.140,0.956
109.170,0.954
109.200,0.954
109.230,0.960
109.260,0.968
109.290,0.959
109.320,0.956
109.350,0.958
109.380,0.961
109.410,0.956
109.440,0.962
109.470,0.960
109.500,0.961
109.530,0.957
109.560,0.962
109.590,0.952
109.620,0.954
109.650,0.960
109.680,0.958
109.710,0.957
109.740,0.958
109.770,0.966
109.800,0.955
109.830,0.956
109.860,0.962
109.890,0.956
109.920,0.960
109.950,0.958
109.980,0.960
110.010,0.963
110.040,0.958
110.070,0.952
110.100,0.956
110.130,0.964
110.160,0.959
110.190,0.963
110.220,0.962
110.250,0.959
110.280,0.958
110.310,0.951
110.340,0.957
110.370,0.960
110.400,0.960
110.430,0.954
110.460,0.954
110.490,0.965
110.520,0.958
110.550,0.963
110.580,0.962
110.610,0.951
110.640,0.962
110.670,0.959
110.700,0.957
110.730,0.959
110.760,0.962
110.790,0.958
110.820,0.958
110.850,0.959
110.880,0.960
110.910,0.957
110.940,0.965
110.970,0.959
111.000,0.962
111.030,0.958
111.060,0.953
111.090,0.953
111.120,0.957
111.150,0.962
111.180,0.962
111.210,0.958
111.240,0.955
111.270,0.961
111.300,0.962
111.330,0.958
111.360,0.962
111.390,0.956
111.420,0.958
111.450,0.962
111.480,0.962
111.510,0.956
111.540,0.954
111.570,0.960
111.600,0.964
111.630,0.960
111.660,0.959
111.690,0.958
111.720,0.961
111.750,0.958
111.780,0.956
111.810,0.960
111.840,0.960
111.870,0.953
111.900,0.953
111.930,0.961
111.960,0.960
111.990,0.960
112.020,0.962
112.050,0.958
112.080,0.957
112.110,0.958
112.140,0.961
112.170,0.961
112.200,0.960
112.230,0.961
112.260,0.957
112.290,0.957
112.320,0.961
112.350,0.963
112.380,0.957
112.410,0.965
112.440,0.957
112.470,0.959
112.500,0.953
112.530,0.957
112.560,0.958
112.590,0.959
112.620,0.961
112.650,0.958
112.680,0.959
112.710,0.960
112.740,0.953
112.770,0.959
112.800,0.956
112.830,0.959
112.860,0.959
112.890,0.961
112.920,0.959
112.950,0.958
112.980,0.957
113.010,0.959
113.040,0.961
113.070,0.960
113.100,0.958
113.130,0.960
113.160,0.954
113.190,0.958
113.220,0.957
113.250,0.954
113.280,0.962
113.310,0.961
113.340,0.959
113.370,0.957
113.400,0.958
113.430,0.954
113.460,0.959
113.490,0.955
113.520,0.962
113.550,0.960
113.580,0.963
113.610,0.961
113.640,0.958
113.670,0.955
113.700,0.957
113.730,0.958
113.760,0.957
113.790,0.964
113.820,0.960
113.850,0.958
113.880,0.961
113.910,0.959
113.940,0.958
113.970,0.957
114.000,0.958
114.030,0.955
114.060,0.966
114.090,0.961
114.120,0.955
114.150,0.961
114.180,0.961
114.210,0.956
114.240,0.959
114.270,0.960
114.300,0.960
114.330,0.962
114.360,0.959
114.390,0.958
114.420,0.958
114.450,0.957
114.480,0.953
114.510,0.962
114.540,0.967
114.570,0.964
114.600,0.958
114.630,0.958
114.660,0.957
114.690,0.956
114.720,0.957
114.750,0.960
114.780,0.955
114.810,0.958
114.840,0.962
114.870,0.957
114.900,0.961
114.930,0.961
114.960,0.958
114.990,0.959
115.020,0.959
115.050,0.960
115.080,0.958
115.110,0.961
115.140,0.957
115.170,0.956
115.200,0.954
115.230,0.961
115.260,0.960
115.290,0.961
115.320,0.964
115.350,0.960
115.380,0.957
115.410,0.963
115.440,0.962
115.470,0.953
115.500,0.959
115.530,0.961
115.560,0.957
115.590,0.964
115.620,0.964
115.650,0.959
115.680,0.959
115.710,0.963
115.740,0.958
115.770,0.959
115.800,0.961
115.830,0.960
115.860,0.958
115.890,0.960
115.920,0.956
115.950,0.958
115.980,0.955
116.010,0.957
116.040,0.961
116.070,0.962
116.100,0.963
116.130,0.962
116.160,0.956
116.190,0.959
116.220,0.957
116.250,0.956
116.280,0.955
116.310,0.957
116.340,0.959
116.370,0.969
116.400,0.958
116.430,0.958
116.460,0.959
116.490,0.958
116.520,0.954
116.550,0.958
116.580,0.961
116.610,0.958
116.640,0.960
116.670,0.960
116.700,0.957
116.730,0.957
116.760,0.955
116.790,0.955
116.820,0.961
116.850,0.964
116.880,0.959
116.910,0.955
116.940,0.954
116.970,0.960
117.000,0.958
117.030,0.958
117.060,0.963
117.090,0.950
117.120,0.958
117.150,0.968
117.180,0.962
117.210,0.959
117.240,0.959
117.270,0.956
117.300,0.958
117.330,0.958
117.360,0.959
117.390,0.960
117.420,0.962
117.450,0.959
117.480,0.958
117.510,0.960
117.540,0.955
117.570,0.960
117.600,0.960
117.630,0.961
117.660,0.961
117.690,0.958
117.720,0.962
117.750,0.957
117.780,0.958
117.810,0.958
117.840,0.952
117.870,0.960
117.900,0.964
117.930,0.959
117.960,0.955
117.990,0.958
118.020,0.957
118.050,0.958
118.080,0.959
118.110,0.962
118.140,0.959
118.170,0.963
118.200,0.958
118.230,0.958
118.260,0.953
118.290,0.958
118.320,0.955
118.350,0.963
118.380,0.961
118.410,0.959
118.440,0.954
118.470,0.961
118.500,0.960
118.530,0.960
118.560,0.962
118.590,0.958
118.620,0.955
118.650,0.965
118.680,0.960
118.710,0.956
118.740,0.956
118.770,0.955
118.800,0.956
118.830,0.961
118.860,0.961
118.890,0.959
118.920,0.958
118.950,0.962
118.980,0.959
119.010,0.958
119.040,0.955
119.070,0.960
119.100,0.966
119.130,0.960
119.160,0.957
119.190,0.958
119.220,0.959
119.250,0.956
119.280,0.955
119.310,0.963
119.340,0.955
119.370,0.961
119.400,0.965
119.430,0.958
119.460,0.960
119.490,0.963
119.520,0.958
119.550,0.955
119.580,0.960
119.610,0.961
119.640,0.960
119.670,0.958
119.700,0.956
119.730,0.958
119.760,0.952
119.790,0.959
119.820,0.964
119.850,0.961
119.880,0.953
119.910,0.954
119.940,0.957
119.970,0.958
120.000,0.954
120.030,0.958
120.060,0.956
120.090,0.955
120.120,0.959
120.150,0.960
120.180,0.961
120.210,0.962
120.240,0.951
120.270,0.958
120.300,0.962
120.330,0.959
120.360,0.961
120.390,0.960
120.420,0.955
120.450,0.954
120.480,0.958
120.510,0.960
120.540,0.962
120.570,0.959
120.600,0.962
120.630,0.961
120.660,0.958
120.690,0.958
120.720,0.959
120.750,0.953
120.780,0.960
120.810,0.964
120.840,0.958
120.870,0.962
120.900,0.958
120.930,0.955
120.960,0.958
120.990,0.962
121.020,0.964
121.050,0.956
121.080,0.958
121.110,0.961
121.140,0.958
121.170,0.958
121.200,0.958
121.230,0.965
121.260,0.961
121.290,0.957
121.320,0.961
121.350,0.958
121.380,0.957
121.410,0.955
121.440,0.958
121.470,0.959
121.500,0.968
121.530,0.960
121.560,0.956
121.590,0.959
121.620,0.960
121.650,0.957
121.680,0.958
121.710,0.963
121.740,0.958
121.770,0.961
121.800,0.961
121.830,0.959
121.860,0.957
121.890,0.952
121.920,0.960
121.950,0.964
121.980,0.964
122.010,0.956
122.040,0.959
122.070,0.959
122.100,0.953
122.130,0.958
122.160,0.963
122.190,0.958
122.220,0.961
122.250,0.962
122.280,0.958
122.310,0.958
122.340,0.958
122.370,0.957
122.400,0.959
122.430,0.961
122.460,0.964
122.490,0.962
122.520,0.958
122.550,0.958
122.580,0.953
122.610,0.957
122.640,0.964
122.670,0.962
122.700,0.958
122.730,0.959
122.760,0.960
122.790,0.955
122.820,0.957
122.850,0.961
122.880,0.958
122.910,0.962
122.940,0.961
122.970,0.957
123.000,0.958
123.030,0.957
123.060,0.957
123.090,0.960
123.120,0.960
123.150,0.960
123.180,0.960
123.210,0.960
123.240,0.961
123.270,0.955
123.300,0.960
123.330,0.959
123.360,0.958
123.390,0.961
123.420,0.962
123.450,0.956
123.480,0.959
123.510,0.958
123.540,0.958
123.570,0.956
123.600,0.953
123.630,0.958
123.660,0.967
123.690,0.963
123.720,0.957
123.750,0.958
123.780,0.959
123.810,0.958
123.840,0.963
123.870,0.961
123.900,0.961
123.930,0.955
123.960,0.960
123.990,0.957
124.020,0.957
124.050,0.958
124.080,0.961
124.110,0.961
124.140,0.962
124.170,0.960
124.200,0.960
124.230,0.958
124.260,0.958
124.290,0.952
124.320,0.957
124.350,0.958
124.380,0.965
124.410,0.958
124.440,0.961
124.470,0.960
124.500,0.960
124.530,0.956
124.560,0.959
124.590,0.963
124.620,0.960
124.650,0.962
124.680,0.963
124.710,0.956
124.740,0.950
124.770,0.958
124.800,0.959
124.830,0.964
124.860,0.970
124.890,0.958
124.920,0.953
124.950,0.962
124.980,0.958
125.010,0.963
125.040,0.959
125.070,0.955
125.100,0.962
125.130,0.959
125.160,0.958
125.190,0.963
125.220,0.958
125.250,0.951
125.280,0.955
125.310,0.963
125.340,0.962
125.370,0.958
125.400,0.956
125.430,0.961
125.460,0.964
125.490,0.958
125.520,0.959
125.550,0.960
125.580,0.956
125.610,0.956
125.640,0.961
125.670,0.960
125.700,0.962
125.730,0.956
125.760,0.955
125.790,0.965
125.820,0.961
125.850,0.959
125.880,0.960
125.910,0.957
125.940,0.958
125.970,0.961
126.000,0.959
126.030,0.958
126.060,0.961
126.090,0.961
126.120,0.958
126.150,0.959
126.180,0.960
126.210,0.955
126.240,0.956
126.270,0.967
126.300,0.961
126.330,0.957
126.360,0.960
126.390,0.959
126.420,0.957
126.450,0.957
126.480,0.961
126.510,0.956
126.540,0.960
126.570,0.965
126.600,0.960
126.630,0.957
126.660,0.958
126.690,0.955
126.720,0.958
126.750,0.960
126.780,0.964
126.810,0.962
126.840,0.958
126.870,0.958
126.900,0.954
126.930,0.957
126.960,0.962
126.990,0.962
127.020,0.963
127.050,0.962
127.080,0.957
127.110,0.964
127.140,0.959
127.170,0.956
127.200,0.956
127.230,0.958
127.260,0.957
127.290,0.967
127.320,0.965
127.350,0.952
127.380,0.956
127.410,0.958
127.440,0.958
127.470,0.961
127.500,0.963
127.530,0.960
127.560,0.959
127.590,0.959
127.620,0.959
127.650,0.952
127.680,0.955
127.710,0.958
127.740,0.964
127.770,0.967
127.800,0.958
127.830,0.954
127.860,0.961
127.890,0.961
127.920,0.958
127.950,0.957
127.980,0.959
128.010,0.959
128.040,0.964
128.070,0.957
128.100,0.955
128.130,0.959
128.160,0.960
128.190,0.957
128.220,0.958
128.250,0.963
128.280,0.959
128.310,0.963
128.340,0.958
128.370,0.962
128.400,0.957
128.430,0.959
128.460,0.966
128.490,0.959
128.520,0.957
128.550,0.959
128.580,0.962
128.610,0.957
128.640,0.956
128.670,0.954
128.700,0.954
128.730,0.963
128.760,0.962
128.790,0.959
128.820,0.958
128.850,0.959
128.880,0.954
128.910,0.958
128.940,0.960
128.970,0.958
129.000,0.961
129.030,0.961
129.060,0.958
129.090,0.956
129.120,0.956
129.150,0.955
129.180,0.961
129.210,0.964
129.240,0.960
129.270,0.958
129.300,0.956
129.330,0.961
129.360,0.956
129.390,0.957
129.420,0.961
129.450,0.955
129.480,0.961
129.510,0.966
129.540,0.959
129.570,0.958
129.600,0.958
129.630,0.960
129.660,0.958
129.690,0.961
129.720,0.965
129.750,0.961
129.780,0.960
129.810,0.961
129.840,0.958
129.870,0.958
129.900,0.953
129.930,0.958
129.960,0.965
129.990,0.964
130.020,0.958
130.050,0.961
130.080,0.961
130.110,0.957
130.140,0.958
130.170,0.960
130.200,0.956
130.230,0.959
130.260,0.961
130.290,0.960
130.320,0.957
130.350,0.958
130.380,0.960
130.410,0.957
130.440,0.963
130.470,0.961
130.500,0.958
130.530,0.962
130.560,0.963
130.590,0.956
130.620,0.954
130.650,0.960
130.680,0.964
130.710,0.962
130.740,0.966
130.770,0.957
130.800,0.955
130.830,0.960
130.860,0.961
130.890,0.962
130.920,0.960
130.950,0.954
130.980,0.959
131.010,0.963
131.040,0.961
131.070,0.958
131.100,0.956
131.130,0.958
131.160,0.957
131.190,0.966
131.220,0.962
131.250,0.962
131.280,0.958
131.310,0.964
131.340,0.955
131.370,0.958
131.400,0.963
131.430,0.960
131.460,0.958
131.490,0.960
131.520,0.961
131.550,0.956
131.580,0.956
131.610,0.961
131.640,0.957
131.670,0.962
131.700,0.965
131.730,0.961
131.760,0.960
131.790,0.960
131.820,0.955
131.850,0.958
131.880,0.963
131.910,0.962
131.940,0.961
131.970,0.963
132.000,0.966
132.030,0.968
132.060,0.969
132.090,0.952
132.120,0.963
132.150,0.977
132.180,0.955
132.210,0.947
132.240,0.958
132.270,0.946
132.300,0.954
132.330,0.961
132.360,0.974
132.390,0.962
132.420,0.961
132.450,0.981
132.480,0.965
132.510,0.952
132.540,0.960
132.570,0.969
132.600,0.962
132.630,0.956
132.660,0.966
132.690,0.962
132.720,0.945
132.750,0.943
132.780,0.952
132.810,0.943
132.840,0.948
132.870,0.964
132.900,0.958
132.930,0.963
132.960,0.971
132.990,0.966
133.020,0.954
133.050,0.969
133.080,0.973
133.110,0.957
133.140,0.966
133.170,0.973
133.200,0.974
133.230,0.958
133.260,0.950
133.290,0.965
133.320,0.963
133.350,0.958
133.380,0.967
133.410,0.964
133.440,0.961
133.470,0.965
133.500,0.956
133.530,0.955
133.560,0.956
133.590,0.965
133.620,0.968
133.650,0.963
133.680,0.955
133.710,0.956
133.740,0.963
133.770,0.965
133.800,0.971
133.830,0.965
133.860,0.956
133.890,0.963
133.920,0.965
133.950,0.959
133.980,0.960
134.010,0.963
134.040,0.958
134.070,0.963
134.100,0.964
134.130,0.960
134.160,0.965
134.190,0.965
134.220,0.960
134.250,0.963
134.280,0.955
134.310,0.958
134.340,0.971
134.370,0.963
134.400,0.963
134.430,0.954
134.460,0.958
134.490,0.964
134.520,0.956
134.550,0.958
134.580,0.970
134.610,0.965
134.640,0.965
134.670,0.963
134.700,0.963
134.730,0.962
134.760,0.965
134.790,0.963
134.820,0.959
134.850,0.962
134.880,0.964
134.910,0.965
134.940,0.962
134.970,0.964
135.000,0.956
135.030,0.965
135.060,0.959
135.090,0.968
135.120,0.968
135.150,0.957
135.180,0.962
135.210,0.966
135.240,0.960
135.270,0.963
135.300,0.957
135.330,0.961
135.360,0.961
135.390,0.968
135.420,0.959
135.450,0.960
135.480,0.968
135.510,0.960
135.540,0.957
135.570,0.969
135.600,0.965
135.630,0.959
135.660,0.965
135.690,0.959
135.720,0.957
135.750,0.965
135.780,0.958
135.810,0.961
135.840,0.963
135.870,0.962
135.900,0.961
135.930,0.961
135.960,0.965
135.990,0.958
136.020,0.962
136.050,0.966
136.080,0.960
136.110,0.964
136.140,0.966
136.170,0.960
136.200,0.958
136.230,0.965
136.260,0.961
136.290,0.960
136.320,0.965
136.350,0.960
136.380,0.961
136.410,0.959
136.440,0.963
136.470,0.960
136.500,0.960
136.530,0.960
136.560,0.969
136.590,0.968
136.620,0.959
136.650,0.960
136.680,0.957
136.710,0.962
136.740,0.960
136.770,0.957
136.800,0.962
136.830,0.961
136.860,0.967
136.890,0.964
136.920,0.959
136.950,0.965
136.980,0.963
137.010,0.974
137.040,0.999
137.070,0.982
137.100,0.981
137.130,0.984
137.160,0.947
137.190,0.943
137.220,0.954
137.250,0.955
137.280,0.967
137.310,0.957
137.340,0.963
137.370,0.943
137.400,0.958
137.430,0.955
137.460,0.956
137.490,0.966
137.520,0.958
137.550,0.974
137.580,0.964
137.610,0.969
137.640,0.974
137.670,0.958
137.700,0.959
137.730,0.952
137.760,0.961
137.790,0.966
137.820,0.967
137.850,0.964
137.880,0.967
137.910,0.965
137.940,0.968
137.970,0.963
138.000,0.975
138.030,0.978
138.060,0.957
138.090,0.969
138.120,0.992
138.150,0.977
138.180,0.966
138.210,0.972
138.240,0.965
138.270,0.966
138.300,0.991
138.330,0.966
138.360,0.973
138.390,0.984
138.420,0.974
138.450,0.970
138.480,0.953
138.510,0.968
138.540,0.980
138.570,0.975
138.600,0.980
138.630,0.965
138.660,0.961
138.690,0.983
138.720,0.976
138.750,0.962
138.780,0.970
138.810,0.980
138.840,0.970
138.870,0.973
138.900,0.976
138.930,0.977
138.960,0.978
138.990,0.980
139.020,0.966
139.050,0.964
139.080,0.978
139.110,0.976
139.140,0.967
139.170,0.977
139.200,0.977
139.230,0.974
139.260,0.969
139.290,0.978
139.320,0.969
139.350,0.970
139.380,0.977
139.410,0.973
139.440,0.970
139.470,0.974
139.500,0.980
139.530,0.974
139.560,0.969
139.590,0.978
139.620,0.978
139.650,0.966
139.680,0.974
139.710,0.975
139.740,0.967
139.770,0.979
139.800,0.976
139.830,0.968
139.860,0.965
139.890,0.978
139.920,0.982
139.950,0.969
139.980,0.967
140.010,0.976
140.040,0.966
140.070,0.986
140.100,0.980
140.130,0.966
140.160,0.975
140.190,0.968
140.220,0.978
140.250,0.978
140.280,0.973
140.310,0.966
140.340,0.974
140.370,0.974
140.400,0.956
140.430,0.966
140.460,0.959
140.490,0.958
140.520,0.970
140.550,0.962
140.580,0.955
140.610,0.982
140.640,0.960
140.670,0.943
140.700,0.950
140.730,0.971
140.760,0.962
140.790,0.937
140.820,0.947
140.850,0.968
140.880,0.917
140.910,0.944
140.940,0.979
140.970,0.964
141.000,0.955
141.030,0.979
141.060,0.946
141.090,0.935
141.120,0.962
141.150,0.951
141.180,0.939
141.210,0.965
141.240,0.965
141.270,0.954
141.300,0.971
141.330,0.979
141.360,0.967
141.390,0.983
141.420,1.001
141.450,1.004
141.480,0.971
141.510,0.967
141.540,0.954
141.570,0.945
141.600,0.959
141.630,0.969
141.660,0.959
141.690,0.970
141.720,0.968
141.750,0.968
141.780,0.959
141.810,0.972
141.840,0.979
141.870,0.969
141.900,0.960
141.930,0.972
141.960,0.969
141.990,0.947
142.020,0.945
142.050,0.939
142.080,0.951
142.110,0.967
142.140,0.969
142.170,0.973
142.200,0.971
142.230,0.968
142.260,0.966
142.290,0.965
142.320,0.966
142.350,0.958
142.380,0.968
142.410,0.970
142.440,0.962
142.470,0.957
142.500,0.963
142.530,0.967
142.560,0.965
142.590,0.970
142.620,0.968
142.650,0.959
142.680,0.964
142.710,0.962
142.740,0.965
142.770,0.966
142.800,0.967
142.830,0.973
142.860,0.968
142.890,0.964
142.920,0.965
142.950,0.964
142.980,0.963
143.010,0.960
143.040,0.963
143.070,0.964
143.100,0.967
143.130,0.968
143.160,0.972
143.190,0.970
143.220,0.960
143.250,0.965
143.280,0.961
143.310,0.962
143.340,0.970
143.370,0.963
143.400,0.963
143.430,0.960
143.460,0.963
143.490,0.968
143.520,0.967
143.550,0.968
143.580,0.967
143.610,0.966
143.640,0.958
143.670,0.961
143.700,0.964
143.730,0.959
143.760,0.966
143.790,0.967
143.820,0.966
143.850,0.963
143.880,0.963
143.910,0.964
143.940,0.961
143.970,0.963
144.000,0.966
144.030,0.969
144.060,0.965
144.090,0.964
144.120,0.963
144.150,0.958
144.180,0.966
144.210,0.966
144.240,0.962
144.270,0.961
144.300,0.960
144.330,0.968
144.360,0.965
144.390,0.965
144.420,0.965
144.450,0.957
144.480,0.962
144.510,0.967
144.540,0.968
144.570,0.968
144.600,0.966
144.630,0.965
144.660,0.957
144.690,0.964
144.720,0.964
144.750,0.958
144.780,0.967
144.810,0.964
144.840,0.969
144.870,0.967
144.900,0.962
144.930,0.961
144.960,0.963
144.990,0.974
145.020,0.967
145.050,0.960
145.080,0.959
145.110,0.964
145.140,0.966
145.170,0.966
145.200,0.964
145.230,0.964
145.260,0.966
145.290,0.963
145.320,0.965
145.350,0.967
145.380,0.960
145.410,0.961
145.440,0.965
145.470,0.963
145.500,0.968
145.530,0.970
145.560,0.965
145.590,0.965
145.620,0.962
145.650,0.971
145.680,0.972
145.710,0.973
145.740,0.967
145.770,0.972
145.800,0.966
145.830,0.963
145.860,0.963
145.890,0.971
145.920,0.960
145.950,0.967
145.980,0.997
146.010,0.976
146.040,0.970
146.070,0.964
146.100,0.949
146.130,0.938
146.160,0.940
146.190,0.956
146.220,0.950
146.250,0.969
146.280,0.977
146.310,0.969
146.340,0.959
146.370,0.959
146.400,0.959
146.430,0.955
146.460,0.962
146.490,0.959
146.520,0.951
146.550,0.966
146.580,0.958
146.610,0.962
146.640,0.971
146.670,0.954
146.700,0.970
146.730,0.978
146.760,0.969
146.790,0.966
146.820,0.966
146.850,0.965
146.880,0.961
146.910,0.966
146.940,0.959
146.970,0.967
147.000,0.967
147.030,0.965
147.060,0.972
147.090,0.962
147.120,0.965
147.150,0.962
147.180,0.969
147.210,0.972
147.240,0.969
147.270,0.971
147.300,0.967
147.330,0.960
147.360,0.968
147.390,0.962
147.420,0.957
147.450,0.960
147.480,0.970
147.510,0.976
147.540,0.978
147.570,0.977
147.600,0.977
147.630,0.970
147.660,0.964
147.690,0.964
147.720,0.968
147.750,0.971
147.780,0.965
147.810,0.961
147.840,0.966
147.870,0.967
147.900,0.969
147.930,0.967
147.960,0.965
147.990,0.969
148.020,0.966
148.050,0.968
148.080,0.968
148.110,0.966
148.140,0.968
148.170,0.966
148.200,0.965
148.230,0.966
148.260,0.967
148.290,0.967
148.320,0.964
148.350,0.969
148.380,0.969
148.410,0.971
148.440,0.966
148.470,0.970
148.500,0.965
148.530,0.968
148.560,0.974
148.590,0.968
148.620,0.959
148.650,0.969
148.680,0.972
148.710,0.966
148.740,0.963
148.770,0.961
148.800,0.965
148.830,0.975
148.860,0.965
148.890,0.962
148.920,0.969
148.950,0.968
148.980,0.964
149.010,0.964
149.040,0.964
149.070,0.966
149.100,0.970
149.130,0.968
149.160,0.964
149.190,0.962
149.220,0.964
149.250,0.967
149.280,0.970
149.310,0.969
149.340,0.969
149.370,0.964
149.400,0.972
149.430,0.963
149.460,0.965
149.490,0.968
149.520,0.964
149.550,0.965
149.580,0.967
149.610,0.971
149.640,0.969
149.670,0.969
149.700,0.967
149.730,0.960
149.760,0.966
149.790,0.970
149.820,0.964
149.850,0.966
149.880,0.971
149.910,0.963
149.940,0.963
149.970,0.961
150.000,0.969
150.030,0.966
150.060,0.966
150.090,0.971
150.120,0.971
150.150,0.965
150.180,0.967
150.210,0.961
150.240,0.968
150.270,0.975
150.300,0.967
150.330,0.965
150.360,0.970
150.390,0.967
150.420,0.964
150.450,0.966
150.480,0.970
150.510,0.966
150.540,0.970
150.570,0.970
150.600,0.961
150.630,0.967
150.660,0.967
150.690,0.967
150.720,0.974
150.750,0.967
150.780,0.958
150.810,0.966
150.840,0.969
150.870,0.967
150.900,0.966
150.930,0.962
150.960,0.965
150.990,0.969
151.020,0.967
151.050,0.962
151.080,0.964
151.110,0.964
151.140,0.968
151.170,0.966
151.200,0.966
151.230,0.968
151.260,0.965
151.290,0.969
151.320,0.958
151.350,0.966
151.380,0.968
151.410,0.967
151.440,0.966
151.470,0.965
151.500,0.965
151.530,0.967
151.560,0.965
151.590,0.965
151.620,0.961
151.650,0.968
151.680,0.974
151.710,0.967
151.740,0.965
151.770,0.969
151.800,0.967
151.830,0.961
151.860,0.964
151.890,0.966
151.920,0.969
151.950,0.971
151.980,0.965
152.010,0.967
152.040,0.958
152.070,0.964
152.100,0.970
152.130,0.968
152.160,0.964
152.190,0.970
152.220,0.970
152.250,0.962
152.280,0.963
152.310,0.967
152.340,0.964
152.370,0.973
152.400,0.973
152.430,0.961
152.460,0.964
152.490,0.970
152.520,0.964
152.550,0.965
152.580,0.970
152.610,0.970
152.640,0.967
152.670,0.966
152.700,0.963
152.730,0.962
152.760,0.967
152.790,0.967
152.820,0.964
152.850,0.966
152.880,0.965
152.910,0.972
152.940,0.964
152.970,0.965
153.000,0.966
153.030,0.961
153.060,0.968
153.090,0.969
153.120,0.965
153.150,0.966
153.180,0.970
153.210,0.963
153.240,0.968
153.270,0.970
153.300,0.969
153.330,0.966
153.360,0.966
153.390,0.966
153.420,0.967
153.450,0.963
153.480,0.962
153.510,0.964
153.540,0.969
153.570,0.969
153.600,0.963
153.630,0.960
153.660,0.964
153.690,0.966
153.720,0.964
153.750,0.965
153.780,0.970
153.810,0.964
153.840,0.972
153.870,0.969
153.900,0.966
153.930,0.967
153.960,0.967
153.990,0.961
154.020,0.968
154.050,0.969
154.080,0.967
154.110,0.969
154.140,0.968
154.170,0.966
154.200,0.964
154.230,0.965
154.260,0.971
154.290,0.968
154.320,0.968
154.350,0.963
154.380,0.968
154.410,0.968
154.440,0.967
154.470,0.967
154.500,0.962
154.530,0.966
154.560,0.972
154.590,0.973
154.620,0.977
154.650,0.978
154.680,0.964
154.710,0.983
154.740,0.988
154.770,0.968
154.800,0.959
154.830,0.992
154.860,0.976
154.890,0.945
154.920,0.952
154.950,0.951
154.980,0.942
155.010,0.944
155.040,0.953
155.070,0.970
155.100,0.959
155.130,0.963
155.160,0.958
155.190,0.970
155.220,0.960
155.250,0.972
155.280,0.964
155.310,0.974
155.340,0.979
155.370,0.972
155.400,0.980
155.430,0.965
155.460,0.964
155.490,0.970
155.520,0.961
155.550,0.967
155.580,0.964
155.610,0.972
155.640,0.963
155.670,0.954
155.700,0.960
155.730,0.971
155.760,0.970
155.790,0.962
155.820,0.967
155.850,0.974
155.880,0.968
155.910,0.971
155.940,0.969
155.970,0.963
156.000,0.968
156.030,0.972
156.060,0.966
156.090,0.962
156.120,0.973
156.150,0.969
156.180,0.966
156.210,0.964
156.240,0.972
156.270,0.968
156.300,0.965
156.330,0.965
156.360,0.967
156.390,0.972
156.420,0.966
156.450,0.959
156.480,0.968
156.510,0.970
156.540,0.967
156.570,0.971
156.600,0.972
156.630,0.964
156.660,0.968
156.690,0.971
156.720,0.961
156.750,0.964
156.780,0.962
156.810,0.962
156.840,0.961
156.870,0.969
156.900,0.963
156.930,0.967
156.960,0.973
156.990,0.963
157.020,0.962
157.050,0.970
157.080,0.964
157.110,0.952
157.140,0.959
157.170,0.975
157.200,0.966
157.230,0.961
157.260,0.969
157.290,0.984
157.320,0.972
157.350,0.976
157.380,0.994
157.410,0.978
157.440,0.971
157.470,0.976
157.500,0.970
157.530,0.964
157.560,0.960
157.590,0.969
157.620,0.980
157.650,0.971
157.680,0.957
157.710,0.971
157.740,0.965
157.770,0.968
157.800,0.962
157.830,0.959
157.860,0.951
157.890,0.959
157.920,0.973
157.950,0.988
157.980,0.969
158.010,0.953
158.040,0.955
158.070,0.962
158.100,0.972
158.130,0.968
158.160,0.963
158.190,0.972
158.220,0.947
158.250,0.955
158.280,0.983
158.310,0.977
158.340,0.980
158.370,0.962
158.400,0.952
158.430,0.958
158.460,0.958
158.490,0.956
158.520,0.958
158.550,0.969
158.580,0.958
158.610,0.960
158.640,0.954
158.670,0.956
158.700,0.964
158.730,0.967
158.760,0.987
158.790,1.007
158.820,0.995
158.850,0.982
158.880,0.979
158.910,0.977
158.940,0.968
158.970,0.964
159.000,0.956
159.030,0.968
159.060,0.975
159.090,0.974
159.120,0.966
159.150,0.972
159.180,0.974
159.210,0.967
159.240,0.962
159.270,0.967
159.300,0.977
159.330,0.979
159.360,0.972
159.390,0.963
159.420,0.970
159.450,0.970
159.480,0.968
159.510,0.963
159.540,0.968
159.570,0.973
159.600,0.969
159.630,0.966
159.660,0.971
159.690,0.974
159.720,0.974
159.750,0.964
159.780,0.966
159.810,0.967
159.840,0.966
159.870,0.971
159.900,0.972
159.930,0.965
159.960,0.971
159.990,0.972
160.020,0.972
160.050,0.966
160.080,0.966
160.110,0.973
160.140,0.966
160.170,0.968
160.200,0.971
160.230,0.973
160.260,0.968
160.290,0.968
160.320,0.969
160.350,0.965
160.380,0.971
160.410,0.972
160.440,0.966
160.470,0.970
160.500,0.974
160.530,0.971
160.560,0.972
160.590,0.973
160.620,0.966
160.650,0.966
160.680,0.966
160.710,0.969
160.740,0.965
160.770,0.971
160.800,0.972
160.830,0.968
160.860,0.969
160.890,0.973
160.920,0.970
160.950,0.968
160.980,0.967
161.010,0.968
161.040,0.973
161.070,0.969
161.100,0.968
161.130,0.969
161.160,0.973
161.190,0.965
161.220,0.970
161.250,0.967
161.280,0.973
161.310,0.970
161.340,0.972
161.370,0.966
161.400,0.972
161.430,0.970
161.460,0.964
161.490,0.972
161.520,0.974
161.550,0.970
161.580,0.968
161.610,0.966
161.640,0.969
161.670,0.965
161.700,0.966
161.730,0.967
161.760,0.977
161.790,0.975
161.820,0.966
161.850,0.970
161.880,0.969
161.910,0.966
161.940,0.969
161.970,0.972
162.000,0.971
162.030,0.970
162.060,0.970
162.090,0.967
162.120,0.968
162.150,0.974
162.180,0.969
162.210,0.967
162.240,0.966
162.270,0.966
162.300,0.974
162.330,0.963
162.360,0.965
162.390,0.970
162.420,0.975
162.450,0.968
162.480,0.969
162.510,0.973
162.540,0.968
162.570,0.965
162.600,0.966
162.630,0.970
162.660,0.968
162.690,0.969
162.720,0.972
162.750,0.966
162.780,0.975
162.810,0.970
162.840,0.966
162.870,0.971
162.900,0.973
162.930,0.971
162.960,0.969
162.990,0.969
163.020,0.969
163.050,0.964
163.080,0.963
163.110,0.966
163.140,0.976
163.170,0.972
163.200,0.970
163.230,0.971
163.260,0.969
163.290,0.964
163.320,0.968
163.350,0.971
163.380,0.967
163.410,0.975
163.440,0.972
163.470,0.975
163.500,0.963
163.530,0.969
163.560,0.973
163.590,0.971
163.620,0.971
163.650,0.972
163.680,0.974
163.710,0.968
163.740,0.972
163.770,0.972
163.800,0.964
163.830,0.975
163.860,0.973
163.890,0.968
163.920,0.969
163.950,0.973
163.980,0.970
164.010,0.966
164.040,0.973
164.070,0.970
164.100,0.970
164.130,0.971
164.160,0.970
164.190,0.972
164.220,0.967
164.250,0.960
164.280,0.972
164.310,0.972
164.340,0.971
164.370,0.970
164.400,0.971
164.430,0.971
164.460,0.966
164.490,0.973
164.520,0.975
164.550,0.959
164.580,0.967
164.610,0.973
164.640,0.971
164.670,0.972
164.700,0.968
164.730,0.968
164.760,0.967
164.790,0.972
164.820,0.971
164.850,0.973
164.880,0.968
164.910,0.972
164.940,0.962
164.970,0.966
165.000,0.969
165.030,0.971
165.060,0.969
165.090,0.971
165.120,0.971
165.150,0.971
165.180,0.972
165.210,0.969
165.240,0.963
165.270,0.972
165.300,0.974
165.330,0.972
165.360,0.969
165.390,0.971
165.420,0.967
165.450,0.968
165.480,0.971
165.510,0.972
165.540,0.970
165.570,0.972
165.600,0.971
165.630,0.970
165.660,0.970
165.690,0.964
165.720,0.969
165.750,0.971
165.780,0.973
165.810,0.969
165.840,0.970
165.870,0.973
165.900,0.967
165.930,0.971
165.960,0.968
165.990,0.963
166.020,0.970
166.050,0.977
166.080,0.969
166.110,0.971
166.140,0.964
166.170,0.971
166.200,0.968
166.230,0.972
166.260,0.971
166.290,0.972
166.320,0.970
166.350,0.970
166.380,0.966
166.410,0.967
166.440,0.962
166.470,0.968
166.500,0.974
166.530,0.974
166.560,0.970
166.590,0.971
166.620,0.971
166.650,0.968
166.680,0.971
166.710,0.973
166.740,0.963
166.770,0.968
166.800,0.975
166.830,0.969
166.860,0.967
166.890,0.971
166.920,0.966
166.950,0.967
166.980,0.970
167.010,0.975
167.040,0.972
167.070,0.969
167.100,0.971
167.130,0.971
167.160,0.955
167.190,0.970
167.220,0.978
167.250,0.975
167.280,0.966
167.310,0.971
167.340,0.970
167.370,0.970
167.400,0.970
167.430,0.971
167.460,0.967
167.490,0.968
167.520,0.970
167.550,0.971
167.580,0.972
167.610,0.967
167.640,0.968
167.670,0.968
167.700,0.973
167.730,0.973
167.760,0.962
167.790,0.966
167.820,0.963
167.850,0.974
167.880,0.977
167.910,0.974
167.940,0.965
167.970,0.965
168.000,0.973
168.030,0.969
168.060,0.970
168.090,0.973
168.120,0.969
168.150,0.969
168.180,0.974
168.210,0.970
168.240,0.971
168.270,0.968
168.300,0.965
168.330,0.964
168.360,0.971
168.390,0.974
168.420,0.970
168.450,0.966
168.480,0.969
168.510,0.962
168.540,0.969
168.570,0.971
168.600,0.972
168.630,0.965
168.660,0.970
168.690,0.976
168.720,0.970
168.750,0.969
168.780,0.972
168.810,0.965
168.840,0.972
168.870,0.973
168.900,0.970
168.930,0.972
168.960,0.974
168.990,0.966
169.020,0.963
169.050,0.970
169.080,0.973
169.110,0.973
169.140,0.970
169.170,0.970
169.200,0.963
169.230,0.971
169.260,0.972
169.290,0.973
169.320,0.966
169.350,0.971
169.380,0.973
169.410,0.966
169.440,0.965
169.470,0.969
169.500,0.965
169.530,0.975
169.560,0.971
169.590,0.967
169.620,0.967
169.650,0.970
169.680,0.967
169.710,0.967
169.740,0.972
169.770,0.970
169.800,0.972
169.830,0.966
169.860,0.971
169.890,0.970
169.920,0.970
169.950,0.972
169.980,0.972
170.010,0.968
170.040,0.968
170.070,0.971
170.100,0.967
170.130,0.971
170.160,0.973
170.190,0.964
170.220,0.971
170.250,0.971
170.280,0.968
170.310,0.969
170.340,0.974
170.370,0.970
170.400,0.971
170.430,0.972
170.460,0.968
170.490,0.971
170.520,0.970
170.550,0.973
170.580,0.972
170.610,0.971
170.640,0.973
170.670,0.967
170.700,0.965
170.730,0.966
170.760,0.972
170.790,0.965
170.820,0.973
170.850,0.966
170.880,0.969
170.910,0.973
170.940,0.972
170.970,0.964
171.000,0.969
171.030,0.968
171.060,0.964
171.090,0.969
171.120,0.974
171.150,0.978
171.180,0.970
171.210,0.971
171.240,0.968
171.270,0.974
171.300,0.974
171.330,0.966
171.360,0.968
171.390,0.969
171.420,0.970
171.450,0.968
171.480,0.966
171.510,0.968
171.540,0.965
171.570,0.974
171.600,0.970
171.630,0.969
171.660,0.974
171.690,0.970
171.720,0.964
171.750,0.968
171.780,0.974
171.810,0.968
171.840,0.974
171.870,0.971
171.900,0.972
171.930,0.963
171.960,0.972
171.990,0.976
172.020,0.970
172.050,0.966
172.080,0.969
172.110,0.972
172.140,0.964
172.170,0.966
172.200,0.970
172.230,0.964
172.260,0.974
172.290,0.975
172.320,0.970
172.350,0.967
172.380,0.971
172.410,0.967
172.440,0.967
172.470,0.968
172.500,0.972
172.530,0.966
172.560,0.968
172.590,0.967
172.620,0.972
172.650,0.961
172.680,0.969
172.710,0.971
172.740,0.970
172.770,0.969
172.800,0.970
172.830,0.969
172.860,0.970
172.890,0.966
172.920,0.968
172.950,0.965
172.980,0.972
173.010,0.975
173.040,0.973
173.070,0.968
173.100,0.969
173.130,0.965
173.160,0.970
173.190,0.970
173.220,0.970
173.250,0.973
173.280,0.969
173.310,0.971
173.340,0.970
173.370,0.958
173.400,0.972
173.430,0.976
173.460,0.972
173.490,0.965
173.520,0.966
173.550,0.970
173.580,0.969
173.610,0.966
173.640,0.970
173.670,0.966
173.700,0.975
173.730,0.969
173.760,0.970
173.790,0.972
173.820,0.967
173.850,0.965
173.880,0.966
173.910,0.972
173.940,0.971
173.970,0.970
174.000,0.968
174.030,0.973
174.060,0.972
174.090,0.970
174.120,0.971
174.150,0.967
174.180,0.963
174.210,0.971
174.240,0.970
174.270,0.967
174.300,0.972
174.330,0.966
174.360,0.968
174.390,0.973
174.420,0.969
174.450,0.969
174.480,0.969
174.510,0.970
174.540,0.964
174.570,0.972
174.600,0.966
174.630,0.970
174.660,0.974
174.690,0.972
174.720,0.964
174.750,0.965
174.780,0.965
174.810,0.973
174.840,0.970
174.870,0.971
174.900,0.970
174.930,0.975
174.960,0.965
174.990,0.968
175.020,0.970
175.050,0.964
175.080,0.971
175.110,0.969
175.140,0.969
175.170,0.972
175.200,0.967
175.230,0.968
175.260,0.967
175.290,0.969
175.320,0.969
175.350,0.966
175.380,0.972
175.410,0.970
175.440,0.968
175.470,0.968
175.500,0.968
175.530,0.972
175.560,0.974
175.590,0.965
175.620,0.966
175.650,0.970
175.680,0.976
175.710,0.967
175.740,0.965
175.770,0.968
175.800,0.974
175.830,0.968
175.860,0.967
175.890,0.970
175.920,0.963
175.950,0.964
175.980,0.971
176.010,0.972
176.040,0.968
176.070,0.966
176.100,0.971
176.130,0.971
176.160,0.974
176.190,0.962
176.220,0.965
176.250,0.967
176.280,0.975
176.310,0.972
176.340,0.967
176.370,0.965
176.400,0.968
176.430,0.963
176.460,0.969
176.490,0.973
176.520,0.965
176.550,0.968
176.580,0.972
176.610,0.970
176.640,0.971
176.670,0.967
176.700,0.968
176.730,0.964
176.760,0.971
176.790,0.970
176.820,0.974
176.850,0.974
176.880,0.967
176.910,0.973
176.940,0.961
176.970,0.971
177.000,0.974
177.030,0.970
177.060,0.967
177.090,0.967
177.120,0.968
177.150,0.971
177.180,0.964
177.210,0.965
177.240,0.970
177.270,0.973
177.300,0.970
177.330,0.970
177.360,0.970
177.390,0.963
177.420,0.963
177.450,0.964
177.480,0.971
177.510,0.973
177.540,0.973
177.570,0.974
177.600,0.973
177.630,0.969
177.660,0.959
177.690,0.968
177.720,0.974
177.750,0.968
177.780,0.971
177.810,0.968
177.840,0.970
177.870,0.965
177.900,0.972
177.930,0.973
177.960,0.962
177.990,0.969
178.020,0.973
178.050,0.968
178.080,0.971
178.110,0.968
178.140,0.969
178.170,0.966
178.200,0.969
178.230,0.969
178.260,0.968
178.290,0.971
178.320,0.964
178.350,0.969
178.380,0.966
178.410,0.969
178.440,0.972
178.470,0.975
178.500,0.966
178.530,0.968
178.560,0.966
178.590,0.966
178.620,0.967
178.650,0.965
178.680,0.966
178.710,0.975
178.740,0.973
178.770,0.970
178.800,0.966
178.830,0.966
178.860,0.964
178.890,0.965
178.920,0.970
178.950,0.972
178.980,0.972
179.010,0.966
179.040,0.972
179.070,0.965
179.100,0.967
179.130,0.966
179.160,0.970
179.190,0.973
179.220,0.967
179.250,0.968
179.280,0.971
179.310,0.971
179.340,0.966
179.370,0.964
179.400,0.965
179.430,0.966
179.460,0.973
179.490,0.971
179.520,0.971
179.550,0.961
179.580,0.964
179.610,0.967
179.640,0.967
179.670,0.975
179.700,0.970
179.730,0.971
179.760,0.973
179.790,0.970
179.820,0.967
179.850,0.962
179.880,0.971
179.910,0.973
179.940,0.974
179.970,0.969
180.000,0.960
180.030,0.968
180.060,0.972
180.090,0.970
180.120,0.973
180.150,0.961
180.180,0.966
180.210,0.978
180.240,0.972
180.270,0.970
180.300,0.971
180.330,0.965
180.360,0.966
180.390,0.969
180.420,0.971
180.450,0.971
180.480,0.969
180.510,0.970
180.540,0.967
180.570,0.961
180.600,0.966
180.630,0.971
180.660,0.975
180.690,0.968
180.720,0.966
180.750,0.970
180.780,0.966
180.810,0.966
180.840,0.966
180.870,0.964
180.900,0.964
180.930,0.975
180.960,0.972
180.990,0.970
181.020,0.967
181.050,0.968
181.080,0.967
181.110,0.968
181.140,0.973
181.170,0.965
181.200,0.970
181.230,0.970
181.260,0.970
181.290,0.971
181.320,0.964
181.350,0.966
181.380,0.973
181.410,0.968
181.440,0.966
181.470,0.972
181.500,0.970
181.530,0.966
181.560,0.962
181.590,0.966
181.620,0.966
181.650,0.973
181.680,0.972
181.710,0.968
181.740,0.967
181.770,0.969
181.800,0.969
181.830,0.969
181.860,0.970
181.890,0.970
181.920,0.971
181.950,0.970
181.980,0.967
182.010,0.969
182.040,0.968
182.070,0.959
182.100,0.967
182.130,0.976
182.160,0.970
182.190,0.967
182.220,0.972
182.250,0.972
182.280,0.967
182.310,0.964
182.340,0.966
182.370,0.969
182.400,0.970
182.430,0.969
182.460,0.972
182.490,0.970
182.520,0.971
182.550,0.970
182.580,0.971
182.610,0.970
182.640,0.968
182.670,0.970
182.700,0.969
182.730,0.969
182.760,0.973
182.790,0.964
182.820,0.974
182.850,0.967
182.880,0.969
182.910,0.973
182.940,0.973
182.970,0.970
183.000,0.971
183.030,0.965
183.060,0.966
183.090,0.972
183.120,0.969
183.150,0.969
183.180,0.971
183.210,0.967
183.240,0.967
183.270,0.970
183.300,0.966
183.330,0.971
183.360,0.972
183.390,0.970
183.420,0.969
183.450,0.964
183.480,0.963
183.510,0.968
183.540,0.970
183.570,0.970
183.600,0.970
183.630,0.972
183.660,0.965
183.690,0.968
183.720,0.966
183.750,0.965
183.780,0.971
183.810,0.976
183.840,0.970
183.870,0.967
183.900,0.970
183.930,0.968
183.960,0.974
183.990,0.971
184.020,0.973
184.050,0.966
184.080,0.967
184.110,0.970
184.140,0.966
184.170,0.965
184.200,0.971
184.230,0.971
184.260,0.969
184.290,0.969
184.320,0.976
184.350,0.966
184.380,0.964
184.410,0.969
184.440,0.966
184.470,0.973
184.500,0.976
184.530,0.970
184.560,0.968
184.590,0.967
184.620,0.969
184.650,0.968
184.680,0.972
184.710,0.970
184.740,0.966
184.770,0.971
184.800,0.968
184.830,0.968
184.860,0.970
184.890,0.962
184.920,0.968
184.950,0.974
184.980,0.971
185.010,0.969
185.040,0.967
185.070,0.973
185.100,0.967
185.130,0.965
185.160,0.971
185.190,0.969
185.220,0.971
185.250,0.973
185.280,0.973
185.310,0.974
185.340,0.968
185.370,0.963
185.400,0.965
185.430,0.965
185.460,0.975
185.490,0.968
185.520,0.970
185.550,0.965
185.580,0.967
185.610,0.970
185.640,0.974
185.670,0.967
185.700,0.965
185.730,0.965
185.760,0.968
185.790,0.971
185.820,0.967
185.850,0.961
185.880,0.974
185.910,0.975
185.940,0.971
185.970,0.964
186.000,0.971
186.030,0.971
186.060,0.969
186.090,0.968
186.120,0.973
186.150,0.972
186.180,0.962
186.210,0.970
186.240,0.976
186.270,0.971
186.300,0.968
186.330,0.960
186.360,0.964
186.390,0.974
186.420,0.969
186.450,0.957
186.480,0.958
186.510,0.974
186.540,0.969
186.570,0.968
186.600,0.966
186.630,0.970
186.660,0.969
186.690,0.968
186.720,0.970
186.750,0.972
186.780,0.968
186.810,0.966
186.840,0.964
186.870,0.958
186.900,0.981
186.930,0.979
186.960,0.972
186.990,0.963
187.020,0.961
187.050,0.965
187.080,0.968
187.110,0.965
187.140,0.966
187.170,0.971
187.200,0.965
187.230,0.965
187.260,0.971
187.290,0.982
187.320,0.972
187.350,0.958
187.380,0.965
187.410,0.969
187.440,0.961
187.470,0.975
187.500,0.971
187.530,0.966
187.560,0.974
187.590,0.969
187.620,0.969
187.650,0.971
187.680,0.969
187.710,0.967
187.740,0.969
187.770,0.973
187.800,0.962
187.830,0.970
187.860,0.975
187.890,0.969
187.920,0.968
187.950,0.976
187.980,0.968
188.010,0.966
188.040,0.972
188.070,0.972
188.100,0.966
188.130,0.969
188.160,0.968
188.190,0.967
188.220,0.970
188.250,0.969
188.280,0.968
188.310,0.973
188.340,0.972
188.370,0.968
188.400,0.969
188.430,0.970
188.460,0.966
188.490,0.974
188.520,0.968
188.550,0.967
188.580,0.971
188.610,0.968
188.640,0.964
188.670,0.968
188.700,0.967
188.730,0.971
188.760,0.970
188.790,0.975
188.820,0.968
188.850,0.974
188.880,0.964
188.910,0.966
188.940,0.968
188.970,0.971
189.000,0.972
189.030,0.971
189.060,0.968
189.090,0.967
189.120,0.966
189.150,0.970
189.180,0.965
189.210,0.976
189.240,0.969
189.270,0.969
189.300,0.970
189.330,0.970
189.360,0.966
189.390,0.967
189.420,0.971
189.450,0.966
189.480,0.966
189.510,0.969
189.540,0.972
189.570,0.965
189.600,0.969
189.630,0.968
189.660,0.970
189.690,0.972
189.720,0.969
189.750,0.965
189.780,0.967
189.810,0.968
189.840,0.967
189.870,0.967
189.900,0.971
189.930,0.963
189.960,0.971
189.990,0.974
190.020,0.969
190.050,0.965
190.080,0.968
190.110,0.966
190.140,0.967
190.170,0.971
190.200,0.969
190.230,0.970
190.260,0.974
190.290,0.971
190.320,0.967
190.350,0.963
190.380,0.972
190.410,0.973
190.440,0.971
190.470,0.969
190.500,0.966
190.530,0.970
190.560,0.966
190.590,0.971
190.620,0.967
190.650,0.963
190.680,0.972
190.710,0.970
190.740,0.973
190.770,0.973
190.800,0.970
190.830,0.967
190.860,0.969
190.890,0.972
190.920,0.969
190.950,0.969
190.980,0.971
191.010,0.967
191.040,0.964
191.070,0.971
191.100,0.968
191.130,0.970
191.160,0.970
191.190,0.972
191.220,0.974
191.250,0.968
191.280,0.969
191.310,0.969
191.340,0.961
191.370,0.970
191.400,0.974
191.430,0.973
191.460,0.969
191.490,0.970
191.520,0.962
191.550,0.965
191.580,0.974
191.610,0.972
191.640,0.969
191.670,0.972
191.700,0.972
191.730,0.970
191.760,0.965
191.790,0.968
191.820,0.970
191.850,0.972
191.880,0.971
191.910,0.966
191.940,0.975
191.970,0.968
192.000,0.966
192.030,0.965
192.060,0.962
192.090,0.971
192.120,0.977
192.150,0.971
192.180,0.967
192.210,0.967
192.240,0.974
192.270,0.973
192.300,0.969
192.330,0.966
192.360,0.976
192.390,0.975
192.420,0.957
192.450,0.971
192.480,0.967
192.510,0.967
192.540,0.969
192.570,0.971
192.600,0.966
192.630,0.973
192.660,0.966
192.690,0.966
192.720,0.968
192.750,0.969
192.780,0.968
192.810,0.970
192.840,0.973
192.870,0.967
192.900,0.971
192.930,0.967
192.960,0.970
192.990,0.969
193.020,0.968
193.050,0.973
193.080,0.973
193.110,0.975
193.140,0.968
193.170,0.967
193.200,0.967
193.230,0.973
193.260,0.974
193.290,0.968
193.320,0.967
193.350,0.968
193.380,0.973
193.410,0.971
193.440,0.963
193.470,0.965
193.500,0.970
193.530,0.972
193.560,0.966
193.590,0.965
193.620,0.972
193.650,0.975
193.680,0.967
193.710,0.968
193.740,0.972
193.770,0.970
193.800,0.972
193.830,0.969
193.860,0.969
193.890,0.966
193.920,0.970
193.950,0.972
193.980,0.972
194.010,0.968
194.040,0.972
194.070,0.965
194.100,0.972
194.130,0.975
194.160,0.960
194.190,0.970
194.220,0.974
194.250,0.967
194.280,0.968
194.310,0.969
194.340,0.969
194.370,0.971
194.400,0.973
194.430,0.968
194.460,0.973
194.490,0.971
194.520,0.971
194.550,0.969
194.580,0.969
194.610,0.962
194.640,0.968
194.670,0.974
194.700,0.969
194.730,0.966
194.760,0.973
194.790,0.973
194.820,0.971
194.850,0.967
194.880,0.969
194.910,0.967
194.940,0.974
194.970,0.974
195.000,0.969
195.030,0.966
195.060,0.969
195.090,0.963
195.120,0.967
195.150,0.977
195.180,0.971
195.210,0.970
195.240,0.973
195.270,0.973
195.300,0.964
195.330,0.961
195.360,0.976
195.390,0.973
195.420,0.967
195.450,0.972
195.480,0.971
195.510,0.968
195.540,0.965
195.570,0.968
195.600,0.970
195.630,0.974
195.660,0.977
195.690,0.970
195.720,0.970
195.750,0.971
195.780,0.966
195.810,0.970
195.840,0.975
195.870,0.971
195.900,0.974
195.930,0.969
195.960,0.967
195.990,0.962
196.020,0.969
196.050,0.974
196.080,0.969
196.110,0.967
196.140,0.971
196.170,0.971
196.200,0.967
196.230,0.967
196.260,0.967
196.290,0.967
196.320,0.971
196.350,0.974
196.380,0.970
196.410,0.970
196.440,0.968
196.470,0.964
196.500,0.965
196.530,0.971
196.560,0.969
196.590,0.972
196.620,0.976
196.650,0.970
196.680,0.957
196.710,0.964
196.740,0.971
196.770,0.973
196.800,0.970
196.830,0.975
196.860,0.972
196.890,0.968
196.920,0.968
196.950,0.970
196.980,0.969
197.010,0.972
197.040,0.970
197.070,0.969
197.100,0.969
197.130,0.966
197.160,0.969
197.190,0.968
197.220,0.972
197.250,0.974
197.280,0.970
197.310,0.971
197.340,0.968
197.370,0.973
197.400,0.967
197.430,0.968
197.460,0.972
197.490,0.972
197.520,0.967
197.550,0.972
197.580,0.968
197.610,0.965
197.640,0.968
197.670,0.966
197.700,0.972
197.730,0.976
197.760,0.967
197.790,0.966
197.820,0.969
197.850,0.968
197.880,0.970
197.910,0.972
197.940,0.973
197.970,0.969
198.000,0.975
198.030,0.970
198.060,0.962
198.090,0.967
198.120,0.971
198.150,0.972
198.180,0.972
198.210,0.973
198.240,0.967
198.270,0.973
198.300,0.969
198.330,0.970
198.360,0.968
198.390,0.958
198.420,0.969
198.450,0.977
198.480,0.969
198.510,0.970
198.540,0.971
198.570,0.967
198.600,0.965
198.630,0.970
198.660,0.969
198.690,0.974
198.720,0.968
198.750,0.969
198.780,0.965
198.810,0.968
198.840,0.971
198.870,0.971
198.900,0.969
198.930,0.969
198.960,0.972
198.990,0.971
199.020,0.965
199.050,0.970
199.080,0.969
199.110,0.972
199.140,0.975
199.170,0.970
199.200,0.973
199.230,0.971
199.260,0.967
199.290,0.969
199.320,0.972
199.350,0.974
199.380,0.968
199.410,0.967
199.440,0.970
199.470,0.971
199.500,0.968
199.530,0.973
199.560,0.979
199.590,0.976
199.620,0.964
199.650,0.973
199.680,0.970
199.710,0.970
199.740,0.966
199.770,0.968
199.800,0.967
199.830,0.976
199.860,0.973
199.890,0.967
199.920,0.971
199.950,0.970
199.980,0.966
200.010,0.970
200.040,0.972
200.070,0.971
200.100,0.975
200.130,0.971
200.160,0.971
200.190,0.965
200.220,0.966
200.250,0.977
200.280,0.969
200.310,0.965
200.340,0.974
200.370,0.968
200.400,0.968
200.430,0.963
200.460,0.962
200.490,0.969
200.520,0.975
200.550,0.970
200.580,0.966
200.610,0.966
200.640,0.970
200.670,0.966
200.700,0.971
200.730,0.971
200.760,0.973
200.790,0.969
200.820,0.971
200.850,0.969
200.880,0.964
200.910,0.970
200.940,0.972
200.970,0.970
201.000,0.972
201.030,0.967
201.060,0.966
201.090,0.967
201.120,0.976
201.150,0.978
201.180,0.964
201.210,0.966
201.240,0.968
201.270,0.968
201.300,0.970
201.330,0.971
201.360,0.964
201.390,0.964
201.420,0.970
201.450,0.978
201.480,0.974
201.510,0.975
201.540,0.972
201.570,0.969
201.600,0.967
201.630,0.975
201.660,0.969
201.690,0.963
201.720,0.973
201.750,0.975
201.780,0.970
201.810,0.969
201.840,0.967
201.870,0.974
201.900,0.977
201.930,0.966
201.960,0.970
201.990,0.973
202.020,0.970
202.050,0.969
202.080,0.968
202.110,0.969
202.140,0.973
202.170,0.970
202.200,0.971
202.230,0.970
202.260,0.963
202.290,0.967
202.320,0.974
202.350,0.968
202.380,0.970
202.410,0.971
202.440,0.971
202.470,0.968
202.500,0.969
202.530,0.970
202.560,0.967
202.590,0.972
202.620,0.975
202.650,0.969
202.680,0.969
202.710,0.970
202.740,0.967
202.770,0.970
202.800,0.969
202.830,0.971
202.860,0.970
202.890,0.970
202.920,0.967
202.950,0.964
202.980,0.966
203.010,0.970
203.040,0.974
203.070,0.971
203.100,0.968
203.130,0.973
203.160,0.970
203.190,0.971
203.220,0.968
203.250,0.963
203.280,0.971
203.310,0.973
203.340,0.970
203.370,0.972
203.400,0.971
203.430,0.973
203.460,0.970
203.490,0.970
203.520,0.970
203.550,0.972
203.580,0.973
203.610,0.971
203.640,0.963
203.670,0.965
203.700,0.971
203.730,0.973
203.760,0.973
203.790,0.976
203.820,0.964
203.850,0.969
203.880,0.970
203.910,0.971
203.940,0.976
203.970,0.965
204.000,0.971
204.030,0.972
204.060,0.973
204.090,0.971
204.120,0.972
204.150,0.965
204.180,0.970
204.210,0.971
204.240,0.972
204.270,0.972
204.300,0.972
204.330,0.971
204.360,0.970
204.390,0.975
204.420,0.970
204.450,0.969
204.480,0.968
204.510,0.974
204.540,0.968
204.570,0.964
204.600,0.965
204.630,0.968
204.660,0.977
204.690,0.976
204.720,0.970
204.750,0.972
204.780,0.966
204.810,0.969
204.840,0.966
204.870,0.967
204.900,0.975
204.930,0.973
204.960,0.972
204.990,0.965
205.020,0.966
205.050,0.967
205.080,0.970
205.110,0.976
205.140,0.969
205.170,0.971
205.200,0.974
205.230,0.969
205.260,0.970
205.290,0.970
205.320,0.964
205.350,0.970
205.380,0.974
205.410,0.969
205.440,0.969
205.470,0.969
205.500,0.967
205.530,0.966
205.560,0.975
205.590,0.969
205.620,0.973
205.650,0.973
205.680,0.972
205.710,0.966
205.740,0.969
205.770,0.973
205.800,0.970
205.830,0.969
205.860,0.972
205.890,0.970
205.920,0.965
205.950,0.969
205.980,0.969
206.010,0.966
206.040,0.975
206.070,0.973
206.100,0.963
206.130,0.965
206.160,0.969
206.190,0.967
206.220,0.967
206.250,0.969
206.280,0.973
206.310,0.974
206.340,0.969
206.370,0.965
206.400,0.966
206.430,0.971
206.460,0.976
206.490,0.971
206.520,0.969
206.550,0.973
206.580,0.969
206.610,0.967
206.640,0.966
206.670,0.970
206.700,0.969
206.730,0.975
206.760,0.970
206.790,0.969
206.820,0.968
206.850,0.970
206.880,0.967
206.910,0.971
206.940,0.973
206.970,0.970
207.000,0.971
207.030,0.968
207.060,0.969
207.090,0.969
207.120,0.972
207.150,0.971
207.180,0.971
207.210,0.972
207.240,0.968
207.270,0.970
207.300,0.973
207.330,0.965
207.360,0.974
207.390,0.973
207.420,0.973
207.450,0.970
207.480,0.970
207.510,0.965
207.540,0.968
207.570,0.969
207.600,0.972
207.630,0.972
207.660,0.970
207.690,0.969
207.720,0.966
207.750,0.969
207.780,0.972
207.810,0.969
207.840,0.967
207.870,0.974
207.900,0.973
207.930,0.965
207.960,0.972
207.990,0.973
208.020,0.963
208.050,0.971
208.080,0.977
208.110,0.971
208.140,0.967
208.170,0.965
208.200,0.970
208.230,0.968
208.260,0.971
208.290,0.973
208.320,0.972
208.350,0.972
208.380,0.969
208.410,0.969
208.440,0.972
208.470,0.971
208.500,0.969
208.530,0.971
208.560,0.971
208.590,0.965
208.620,0.968
208.650,0.969
208.680,0.968
208.710,0.967
208.740,0.975
208.770,0.971
208.800,0.970
208.830,0.974
208.860,0.973
208.890,0.964
208.920,0.969
208.950,0.972
208.980,0.971
209.010,0.972
209.040,0.963
209.070,0.963
209.100,0.970
209.130,0.975
209.160,0.964
209.190,0.967
209.220,0.971
209.250,0.978
209.280,0.972
209.310,0.974
209.340,0.972
209.370,0.962
209.400,0.971
209.430,0.975
209.460,0.971
209.490,0.971
209.520,0.964
209.550,0.963
209.580,0.967
209.610,0.975
209.640,0.969
209.670,0.967
209.700,0.972
209.730,0.976
209.760,0.965
209.790,0.968
209.820,0.974
209.850,0.972
209.880,0.969
209.910,0.970
209.940,0.970
209.970,0.971
210.000,0.963
210.030,0.969
210.060,0.969
210.090,0.975
210.120,0.967
210.150,0.969
210.180,0.969
210.210,0.975
210.240,0.966
210.270,0.967
210.300,0.968
210.330,0.971
210.360,0.970
210.390,0.973
210.420,0.964
210.450,0.963
210.480,0.974
210.510,0.974
210.540,0.969
210.570,0.967
210.600,0.971
210.630,0.974
210.660,0.967
210.690,0.967
210.720,0.975
210.750,0.968
210.780,0.973
210.810,0.974
210.840,0.973
210.870,0.971
210.900,0.968
210.930,0.966
210.960,0.968
210.990,0.974
211.020,0.976
211.050,0.970
211.080,0.980
211.110,0.976
211.140,0.963
211.170,0.970
211.200,0.979
211.230,0.972
211.260,0.968
211.290,0.968
211.320,0.968
211.350,0.968
211.380,0.969
211.410,0.974
211.440,0.966
211.470,0.972
211.500,0.974
211.530,0.968
211.560,0.972
211.590,0.971
211.620,0.966
211.650,0.960
211.680,0.972
211.710,0.979
211.740,0.962
211.770,0.974
211.800,0.969
211.830,0.963
211.860,0.966
211.890,0.970
211.920,0.969
211.950,0.970
211.980,0.961
212.010,0.951
212.040,0.950
212.070,0.962
212.100,0.953
212.130,0.951
212.160,0.965
212.190,0.976
212.220,0.980
212.250,0.973
212.280,0.972
212.310,0.964
212.340,0.964
212.370,0.969
212.400,0.973
212.430,0.980
212.460,0.972
212.490,0.970
212.520,0.972
212.550,0.958
212.580,0.967
212.610,0.965
212.640,0.970
212.670,0.974
212.700,0.973
212.730,0.979
212.760,0.978
212.790,0.976
212.820,0.969
212.850,0.971
212.880,0.966
212.910,0.962
212.940,0.967
212.970,0.967
213.000,0.971
213.030,0.974
213.060,0.972
213.090,0.974
213.120,0.971
213.150,0.973
213.180,0.973
213.210,0.970
213.240,0.973
213.270,0.972
213.300,0.973
213.330,0.968
213.360,0.970
213.390,0.967
213.420,0.976
213.450,0.977
213.480,0.977
213.510,0.962
213.540,0.965
213.570,0.981
213.600,0.984
213.630,0.978
213.660,0.974
213.690,0.969
213.720,0.964
213.750,0.969
213.780,0.971
213.810,0.978
213.840,0.975
213.870,0.971
213.900,0.967
213.930,0.974
213.960,0.974
213.990,0.974
214.020,0.980
214.050,0.968
214.080,0.982
214.110,0.982
214.140,0.975
214.170,0.969
214.200,0.970
214.230,0.965
214.260,0.970
214.290,0.977
214.320,0.979
214.350,0.972
214.380,0.976
214.410,0.973
214.440,0.970
214.470,0.973
214.500,0.974
214.530,0.973
214.560,0.976
214.590,0.978
214.620,0.980
214.650,0.975
214.680,0.970
214.710,0.970
214.740,0.974
214.770,0.972
214.800,0.976
214.830,0.977
214.860,0.976
214.890,0.970
214.920,0.971
214.950,0.971
214.980,0.975
215.010,0.972
215.040,0.979
215.070,0.970
215.100,0.973
215.130,0.978
215.160,0.973
215.190,0.975
215.220,0.974
215.250,0.973
215.280,0.973
215.310,0.973
215.340,0.966
215.370,0.973
215.400,0.976
215.430,0.975
215.460,0.967
215.490,0.974
215.520,0.973
215.550,0.966
215.580,0.973
215.610,0.974
215.640,0.979
215.670,0.975
215.700,0.975
215.730,0.971
215.760,0.971
215.790,0.977
215.820,0.977
215.850,0.972
215.880,0.976
215.910,0.973
215.940,0.972
215.970,0.975
216.000,0.969
216.030,0.976
216.060,0.978
216.090,0.974
216.120,0.975
216.150,0.978
216.180,0.974
216.210,0.968
216.240,0.973
216.270,0.976
216.300,0.970
216.330,0.972
216.360,0.969
216.390,0.976
216.420,0.977
216.450,0.978
216.480,0.968
216.510,0.972
216.540,0.974
216.570,0.973
216.600,0.971
216.630,0.966
216.660,0.967
216.690,0.976
216.720,0.978
216.750,0.974
216.780,0.976
216.810,0.975
216.840,0.971
216.870,0.971
216.900,0.974
216.930,0.973
216.960,0.977
216.990,0.976
217.020,0.971
217.050,0.973
217.080,0.978
217.110,0.970
217.140,0.972
217.170,0.976
217.200,0.975
217.230,0.969
217.260,0.966
217.290,0.969
217.320,0.971
217.350,0.972
217.380,0.975
217.410,0.972
217.440,0.976
217.470,0.973
217.500,0.968
217.530,0.971
217.560,0.975
217.590,0.975
217.620,0.976
217.650,0.968
217.680,0.969
217.710,0.972
217.740,0.977
217.770,0.973
217.800,0.970
217.830,0.972
217.860,0.975
217.890,0.973
217.920,0.972
217.950,0.972
217.980,0.968
218.010,0.975
218.040,0.975
218.070,0.972
218.100,0.975
218.130,0.974
218.160,0.968
218.190,0.969
218.220,0.973
218.250,0.974
218.280,0.973
218.310,0.977
218.340,0.973
218.370,0.971
218.400,0.966
218.430,0.972
218.460,0.980
218.490,0.974
218.520,0.968
218.550,0.974
218.580,0.977
218.610,0.972
218.640,0.967
218.670,0.973
218.700,0.970
218.730,0.979
218.760,0.977
218.790,0.974
218.820,0.977
218.850,0.970
218.880,0.972
218.910,0.970
218.940,0.975
218.970,0.979
219.000,0.975
219.030,0.973
219.060,0.974
219.090,0.972
219.120,0.972
219.150,0.975
219.180,0.982
219.210,0.975
219.240,0.968
219.270,0.973
219.300,0.972
219.330,0.978
219.360,0.972
219.390,0.968
219.420,0.973
219.450,0.979
219.480,0.972
219.510,0.974
219.540,0.976
219.570,0.972
219.600,0.969
219.630,0.977
219.660,0.975
219.690,0.975
219.720,0.970
219.750,0.976
219.780,0.972
219.810,0.974
219.840,0.975
219.870,0.972
219.900,0.972
219.930,0.971
219.960,0.977
219.990,0.971
220.020,0.971
220.050,0.971
220.080,0.972
220.110,0.974
220.140,0.973
220.170,0.972
220.200,0.973
220.230,0.968
220.260,0.967
220.290,0.975
220.320,0.974
220.350,0.973
220.380,0.977
220.410,0.978
220.440,0.974
220.470,0.969
220.500,0.966
220.530,0.973
220.560,0.978
220.590,0.971
220.620,0.968
220.650,0.977
220.680,0.976
220.710,0.971
220.740,0.969
220.770,0.968
220.800,0.970
220.830,0.975
220.860,0.975
220.890,0.971
220.920,0.973
220.950,0.970
220.980,0.966
221.010,0.974
221.040,0.978
221.070,0.975
221.100,0.975
221.130,0.975
221.160,0.973
221.190,0.971
221.220,0.974
221.250,0.978
221.280,0.977
221.310,0.969
221.340,0.975
221.370,0.974
221.400,0.971
221.430,0.973
221.460,0.966
221.490,0.971
221.520,0.976
221.550,0.974
221.580,0.969
221.610,0.977
221.640,0.977
221.670,0.976
221.700,0.975
221.730,0.975
221.760,0.970
221.790,0.971
221.820,0.976
221.850,0.973
221.880,0.976
221.910,0.972
221.940,0.973
221.970,0.980
222.000,0.973
222.030,0.974
222.060,0.973
222.090,0.974
222.120,0.972
222.150,0.968
222.180,0.974
222.210,0.972
222.240,0.978
222.270,0.975
222.300,0.976
222.330,0.978
222.360,0.971
222.390,0.970
222.420,0.973
222.450,0.978
222.480,0.974
222.510,0.973
222.540,0.972
222.570,0.967
222.600,0.971
222.630,0.978
222.660,0.979
222.690,0.970
222.720,0.973
222.750,0.978
222.780,0.973
222.810,0.969
222.840,0.973
222.870,0.973
222.900,0.972
222.930,0.971
222.960,0.972
222.990,0.976
223.020,0.974
223.050,0.976
223.080,0.971
223.110,0.973
223.140,0.968
223.170,0.975
223.200,0.977
223.230,0.976
223.260,0.972
223.290,0.969
223.320,0.975
223.350,0.977
223.380,0.980
223.410,0.974
223.440,0.976
223.470,0.976
223.500,0.970
223.530,0.969
223.560,0.977
223.590,0.974
223.620,0.977
223.650,0.979
223.680,0.973
223.710,0.977
223.740,0.973
223.770,0.974
223.800,0.975
223.830,0.978
223.860,0.975
223.890,0.982
223.920,0.976
223.950,0.975
223.980,0.977
224.010,0.977
224.040,0.981
224.070,0.971
224.100,0.971
224.130,0.975
224.160,0.977
224.190,0.976
224.220,0.971
224.250,0.967
224.280,0.977
224.310,0.981
224.340,0.977
224.370,0.975
224.400,0.975
224.430,0.972
224.460,0.971
224.490,0.976
224.520,0.977
224.550,0.978
224.580,0.981
224.610,0.977
224.640,0.973
224.670,0.972
224.700,0.978
224.730,0.970
224.760,0.973
224.790,0.974
224.820,0.976
224.850,0.976
224.880,0.977
224.910,0.972
224.940,0.971
224.970,0.977
225.000,0.979
225.030,0.975
225.060,0.982
225.090,0.982
225.120,0.969
225.150,0.967
225.180,0.978
225.210,0.977
225.240,0.979
225.270,0.978
225.300,0.973
225.330,0.977
225.360,0.980
225.390,0.974
225.420,0.976
225.450,0.970
225.480,0.974
225.510,0.976
225.540,0.973
225.570,0.975
225.600,0.972
225.630,0.979
225.660,0.981
225.690,0.974
225.720,0.977
225.750,0.975
225.780,0.976
225.810,0.973
225.840,0.975
225.870,0.975
225.900,0.979
225.930,0.978
225.960,0.972
225.990,0.973
226.020,0.974
226.050,0.978
226.080,0.977
226.110,0.975
226.140,0.975
226.170,0.978
226.200,0.977
226.230,0.974
226.260,0.977
226.290,0.969
226.320,0.977
226.350,0.975
226.380,0.973
226.410,0.977
226.440,0.976
226.470,0.973
226.500,0.974
226.530,0.973
226.560,0.975
226.590,0.974
226.620,0.979
226.650,0.976
226.680,0.974
226.710,0.976
226.740,0.968
226.770,0.972
226.800,0.976
226.830,0.984
226.860,0.974
226.890,0.975
226.920,0.977
226.950,0.974
226.980,0.974
227.010,0.973
227.040,0.974
227.070,0.977
227.100,0.978
227.130,0.974
227.160,0.977
227.190,0.973
227.220,0.975
227.250,0.969
227.280,0.980
227.310,0.977
227.340,0.981
227.370,0.975
227.400,0.975
227.430,0.973
227.460,0.976
227.490,0.979
227.520,0.971
227.550,0.969
227.580,0.980
227.610,0.978
227.640,0.974
227.670,0.967
227.700,0.970
227.730,0.973
227.760,0.987
227.790,0.979
227.820,0.974
227.850,0.972
227.880,0.969
227.910,0.969
227.940,0.978
227.970,0.979
228.000,0.977
228.030,0.978
228.060,0.975
228.090,0.979
228.120,0.975
228.150,0.978
228.180,0.976
228.210,0.975
228.240,0.981
228.270,0.971
228.300,0.972
228.330,0.983
228.360,0.979
228.390,0.970
228.420,0.970
228.450,0.969
228.480,0.969
228.510,0.978
228.540,0.981
228.570,0.978
228.600,0.975
228.630,0.971
228.660,0.973
228.690,0.977
228.720,0.977
228.750,0.976
228.780,0.977
228.810,0.978
228.840,0.977
228.870,0.972
228.900,0.975
228.930,0.978
228.960,0.973
228.990,0.975
229.020,0.976
229.050,0.976
229.080,0.978
229.110,0.973
229.140,0.973
229.170,0.975
229.200,0.977
229.230,0.979
229.260,0.976
229.290,0.976
229.320,0.977
229.350,0.973
229.380,0.972
229.410,0.977
229.440,0.977
229.470,0.978
229.500,0.974
229.530,0.974
229.560,0.977
229.590,0.975
229.620,0.978
229.650,0.981
229.680,0.978
229.710,0.973
229.740,0.979
229.770,0.977
229.800,0.977
229.830,0.979
229.860,0.973
229.890,0.972
229.920,0.980
229.950,0.978
229.980,0.979
230.010,0.979
230.040,0.972
230.070,0.970
230.100,0.977
230.130,0.978
230.160,0.979
230.190,0.972
230.220,0.974
230.250,0.978
230.280,0.974
230.310,0.978
230.340,0.976
230.370,0.974
230.400,0.976
230.430,0.975
230.460,0.976
230.490,0.979
230.520,0.970
230.550,0.978
230.580,0.980
230.610,0.975
230.640,0.973
230.670,0.972
230.700,0.969
230.730,0.972
230.760,0.978
230.790,0.980
230.820,0.982
230.850,0.978
230.880,0.976
230.910,0.970
230.940,0.977
230.970,0.975
231.000,0.974
231.030,0.973
231.060,0.974
231.090,0.982
231.120,0.976
231.150,0.973
231.180,0.975
231.210,0.973
231.240,0.975
231.270,0.979
231.300,0.978
231.330,0.976
231.360,0.975
231.390,0.973
231.420,0.970
231.450,0.977
231.480,0.979
231.510,0.979
231.540,0.975
231.570,0.977
231.600,0.976
231.630,0.975
231.660,0.980
231.690,0.976
231.720,0.973
231.750,0.974
231.780,0.975
231.810,0.976
231.840,0.972
231.870,0.969
231.900,0.973
231.930,0.979
231.960,0.978
231.990,0.973
232.020,0.977
232.050,0.976
232.080,0.971
232.110,0.976
232.140,0.981
232.170,0.975
232.200,0.977
232.230,0.975
232.260,0.970
232.290,0.965
232.320,0.937
232.350,0.926
232.380,0.950
232.410,0.976
232.440,0.976
232.470,0.980
232.500,0.976
232.530,0.953
232.560,0.952
232.590,0.985
232.620,1.012
232.650,1.009
232.680,0.990
232.710,0.981
232.740,0.987
232.770,0.995
232.800,0.985
232.830,0.978
232.860,0.964
232.890,0.972
232.920,0.957
232.950,0.967
232.980,0.971
233.010,0.977
233.040,0.976
233.070,0.968
233.100,0.974
233.130,0.969
233.160,0.967
233.190,0.963
233.220,0.963
233.250,0.975
233.280,0.984
233.310,0.976
233.340,0.965
233.370,0.971
233.400,0.974
233.430,0.968
233.460,0.958
233.490,0.967
233.520,0.974
233.550,0.976
233.580,0.970
233.610,0.969
233.640,0.976
233.670,0.975
233.700,0.971
233.730,0.967
233.760,0.964
233.790,0.971
233.820,0.970
233.850,0.973
233.880,0.973
233.910,0.964
233.940,0.968
233.970,0.979
234.000,0.975
234.030,0.971
234.060,0.974
234.090,0.974
234.120,0.964
234.150,0.965
234.180,0.967
234.210,0.969
234.240,0.973
234.270,0.973
234.300,0.966
234.330,0.971
234.360,0.979
234.390,0.980
234.420,0.972
234.450,0.964
234.480,0.971
234.510,0.971
234.540,0.969
234.570,0.976
234.600,0.969
234.630,0.972
234.660,0.976
234.690,0.971
234.720,0.974
234.750,0.969
234.780,0.971
234.810,0.966
234.840,0.968
234.870,0.971
234.900,0.975
234.930,0.969
234.960,0.975
234.990,0.975
235.020,0.968
235.050,0.975
235.080,0.969
235.110,0.968
235.140,0.975
235.170,0.976
235.200,0.969
235.230,0.970
235.260,0.962
235.290,0.967
235.320,0.976
235.350,0.975
235.380,0.972
235.410,0.973
235.440,0.971
235.470,0.971
235.500,0.969
235.530,0.971
235.560,0.973
235.590,0.973
235.620,0.974
235.650,0.971
235.680,0.971
235.710,0.972
235.740,0.977
235.770,0.974
235.800,0.968
235.830,0.976
235.860,0.970
235.890,0.961
235.920,0.960
235.950,0.972
235.980,0.972
236.010,0.976
236.040,0.979
236.070,0.973
236.100,0.968
236.130,0.969
236.160,0.967
236.190,0.968
236.220,0.969
236.250,0.975
236.280,0.972
236.310,0.953
236.340,0.912
236.370,0.930
236.400,0.959
236.430,1.022
236.460,1.072
236.490,1.041
236.520,0.960
236.550,0.917
236.580,0.917
236.610,0.984
236.640,1.016
236.670,1.002
236.700,0.961
236.730,0.947
236.760,0.973
236.790,0.974
236.820,0.955
236.850,0.951
236.880,0.966
236.910,0.975
236.940,0.976
236.970,0.979
237.000,0.983
237.030,0.968
237.060,0.963
237.090,0.970
237.120,0.978
237.150,0.968
237.180,0.975
237.210,0.973
237.240,0.968
237.270,0.964
237.300,0.957
237.330,0.973
237.360,0.966
237.390,0.970
237.420,0.987
237.450,0.979
237.480,0.995
237.510,0.985
237.540,0.976
237.570,0.964
237.600,0.964
237.630,0.967
237.660,0.971
237.690,0.985
237.720,0.986
237.750,1.010
237.780,1.023
237.810,0.986
237.840,0.982
237.870,0.971
237.900,0.960
237.930,0.954
237.960,0.950
237.990,0.950
238.020,0.941
238.050,0.945
238.080,0.945
238.110,0.957
238.140,0.971
238.170,0.952
238.200,0.946
238.230,0.955
238.260,0.964
238.290,0.965
238.320,0.964
238.350,0.959
238.380,0.959
238.410,0.965
238.440,0.967
238.470,0.955
238.500,0.951
238.530,0.965
238.560,0.965
238.590,0.966
238.620,0.971
238.650,0.965
238.680,0.973
238.710,0.981
238.740,0.974
238.770,0.969
238.800,0.977
238.830,0.976
238.860,0.973
238.890,0.967
238.920,0.976
238.950,0.976
238.980,0.973
239.010,0.974
239.040,0.974
239.070,0.977
239.100,0.976
239.130,0.969
239.160,0.973
239.190,0.979
239.220,0.972
239.250,0.972
239.280,0.976
239.310,0.979
239.340,0.982
239.370,0.972
239.400,0.970
239.430,0.974
239.460,0.969
239.490,0.959
239.520,0.971
239.550,0.986
239.580,0.982
239.610,0.980
239.640,0.972
239.670,0.967
239.700,0.980
239.730,0.980
239.760,0.975
239.790,0.977
239.820,0.982
239.850,0.987
239.880,0.986
239.910,0.985
239.940,0.985
239.970,0.975
240.000,0.978
240.030,0.994
240.060,0.976
240.090,0.964
240.120,0.958
240.150,0.962
240.180,0.964
240.210,0.952
240.240,0.946
240.270,0.946
240.300,0.940
240.330,0.930
240.360,0.942
240.390,0.949
240.420,0.971
240.450,0.979
240.480,0.985
240.510,0.984
240.540,1.007
240.570,1.013
240.600,1.023
240.630,1.033
240.660,1.033
240.690,1.028
240.720,1.002
240.750,0.994
240.780,0.998
240.810,1.019
240.840,0.990
240.870,0.991
240.900,1.012
240.930,0.961
240.960,0.939
240.990,0.959
241.020,0.979
241.050,0.966
241.080,0.979
241.110,0.990
241.140,0.999
241.170,0.988
241.200,0.994
241.230,0.996
241.260,0.968
241.290,0.979
241.320,0.993
241.350,0.992
241.380,0.988
241.410,0.992
241.440,0.992
241.470,0.980
241.500,0.964
241.530,0.943
241.560,0.967
241.590,0.993
241.620,1.014
241.650,1.026
241.680,1.002
241.710,0.985
241.740,0.976
241.770,0.951
241.800,0.980
241.830,0.990
241.860,0.996
241.890,1.004
241.920,1.004
241.950,0.983
241.980,0.955
242.010,0.973
242.040,0.992
242.070,1.000
242.100,0.994
242.130,1.001
242.160,0.999
242.190,0.981
242.220,0.968
242.250,0.976
242.280,0.990
242.310,0.993
242.340,0.998
242.370,1.000
242.400,0.995
242.430,0.981
242.460,0.971
242.490,0.986
242.520,0.983
242.550,1.004
242.580,1.002
242.610,0.987
242.640,0.979
242.670,0.983
242.700,0.978
242.730,0.986
242.760,0.993
242.790,0.994
242.820,0.998
242.850,0.985
242.880,0.985
242.910,0.985
242.940,0.989
242.970,0.992
243.000,0.987
243.030,1.000
243.060,0.995
243.090,0.992
243.120,0.991
243.150,0.992
243.180,1.006
243.210,1.020
243.240,1.016
243.270,1.015
243.300,1.027
243.330,1.023
243.360,1.029
243.390,1.020
243.420,1.011
243.450,1.009
243.480,1.003
243.510,1.006
243.540,1.017
243.570,0.985
243.600,0.980
243.630,0.972
243.660,0.969
243.690,0.963
243.720,0.964
243.750,0.958
243.780,0.956
243.810,0.968
243.840,0.973
243.870,0.970
243.900,0.980
243.930,0.974
243.960,0.965
243.990,0.953
244.020,0.957
244.050,0.957
244.080,0.961
244.110,0.975
244.140,0.979
244.170,0.965
244.200,0.966
244.230,0.960
244.260,0.967
244.290,0.978
244.320,0.982
244.350,0.968
244.380,0.963
244.410,0.958
244.440,0.960
244.470,0.943
244.500,0.960
244.530,0.964
244.560,0.973
244.590,0.996
244.620,0.985
244.650,0.995
244.680,1.003
244.710,1.002
244.740,0.989
244.770,0.994
244.800,0.986
244.830,0.990
244.860,0.992
244.890,0.985
244.920,0.988
244.950,1.002
244.980,0.981
245.010,0.995
245.040,0.999
245.070,1.011
245.100,0.999
245.130,0.998
245.160,1.003
245.190,0.999
245.220,0.977
245.250,0.964
245.280,0.986
245.310,0.998
245.340,0.980
245.370,0.977
245.400,0.976
245.430,0.979
245.460,0.987
245.490,0.989
245.520,0.995
245.550,1.000
245.580,0.994
245.610,1.000
245.640,0.995
245.670,0.997
245.700,0.992
245.730,0.992
245.760,0.985
245.790,0.983
245.820,0.989
245.850,0.994
245.880,0.990
245.910,0.985
245.940,0.991
245.970,0.994
246.000,0.985
246.030,0.990
246.060,0.988
246.090,0.990
246.120,0.988
246.150,0.986
246.180,0.985
246.210,0.981
246.240,0.992
246.270,0.992
246.300,0.989
246.330,0.988
246.360,0.990
246.390,0.989
246.420,0.987
246.450,0.983
246.480,0.991
246.510,0.987
246.540,0.991
246.570,0.990
246.600,0.985
246.630,0.992
246.660,0.993
246.690,0.988
246.720,0.987
246.750,0.988
246.780,0.989
246.810,0.986
246.840,0.986
246.870,0.994
246.900,0.989
246.930,0.997
246.960,0.986
246.990,0.984
247.020,0.984
247.050,0.984
247.080,0.985
247.110,0.993
247.140,0.988
247.170,0.990
247.200,0.977
247.230,0.985
247.260,0.992
247.290,0.992
247.320,0.985
247.350,0.978
247.380,0.992
247.410,0.985
247.440,0.979
247.470,0.983
247.500,0.979
247.530,0.994
247.560,0.981
247.590,0.991
247.620,0.988
247.650,0.985
247.680,0.993
247.710,0.987
247.740,0.980
247.770,0.974
247.800,0.973
247.830,0.962
247.860,0.946
247.890,0.889
247.920,0.917
247.950,0.925
247.980,1.003
248.010,1.050
248.040,1.051
248.070,1.060
248.100,1.043
248.130,1.012
248.160,0.992
248.190,0.981
248.220,0.966
248.250,0.962
248.280,0.964
248.310,0.969
248.340,0.975
248.370,0.975
248.400,0.972
248.430,0.970
248.460,0.973
248.490,0.984
248.520,0.986
248.550,0.994
248.580,1.016
248.610,1.000
248.640,0.963
248.670,0.968
248.700,0.973
248.730,0.957
248.760,0.946
248.790,0.959
248.820,0.963
248.850,0.995
248.880,0.979
248.910,0.985
248.940,0.975
248.970,0.985
249.000,0.994
249.030,0.993
249.060,0.994
249.090,1.016
249.120,1.002
249.150,1.002
249.180,1.003
249.210,0.993
249.240,0.997
249.270,1.005
249.300,0.988
249.330,0.984
249.360,0.993
249.390,0.976
249.420,0.974
249.450,0.986
249.480,0.975
249.510,0.970
249.540,0.978
249.570,0.972
249.600,0.979
249.630,0.980
249.660,0.977
249.690,0.979
249.720,0.976
249.750,0.971
249.780,0.953
249.810,0.964
249.840,0.977
249.870,0.967
249.900,0.969
249.930,0.972
249.960,0.985
249.990,0.975
250.020,0.975
250.050,0.988
250.080,0.984
250.110,0.982
250.140,0.988
250.170,0.991
250.200,0.987
250.230,0.982
250.260,0.985
250.290,0.997
250.320,0.996
250.350,0.990
250.380,0.989
250.410,0.992
250.440,0.992
250.470,0.994
250.500,0.995
250.530,0.986
250.560,0.988
250.590,0.985
250.620,0.984
250.650,0.979
250.680,0.982
250.710,0.976
250.740,0.989
250.770,1.005
250.800,1.001
250.830,0.995
250.860,0.990
250.890,0.991
250.920,0.990
250.950,0.988
250.980,0.992
251.010,0.996
251.040,0.994
251.070,0.991
251.100,1.006
251.130,0.982
251.160,0.995
251.190,0.978
251.220,0.988
251.250,0.998
251.280,0.986
251.310,0.996
251.340,1.001
251.370,0.990
251.400,0.978
251.430,0.982
251.460,0.985
251.490,0.979
251.520,0.983
251.550,1.001
251.580,0.992
251.610,0.992
251.640,0.984
251.670,0.972
251.700,0.978
251.730,0.984
251.760,0.994
251.790,1.008
251.820,1.004
251.850,0.987
251.880,0.996
251.910,0.978
251.940,0.988
251.970,0.977
252.000,0.965
252.030,0.971
252.060,0.976
252.090,0.970
252.120,0.967
252.150,0.987
252.180,0.990
252.210,0.978
252.240,0.984
252.270,0.980
252.300,0.988
252.330,0.988
252.360,0.986
252.390,0.991
252.420,1.001
252.450,0.994
252.480,0.986
252.510,0.982
252.540,0.982
252.570,0.987
252.600,0.988
252.630,0.972
252.660,0.979
252.690,0.982
252.720,0.986
252.750,0.976
252.780,0.979
252.810,0.982
252.840,0.976
252.870,0.972
252.900,0.980
252.930,0.976
252.960,0.980
252.990,0.980
253.020,0.971
253.050,0.971
253.080,0.981
253.110,0.976
253.140,0.974
253.170,0.978
253.200,0.973
253.230,0.973
253.260,0.980
253.290,0.985
253.320,0.976
253.350,0.980
253.380,0.978
253.410,0.966
253.440,0.971
253.470,0.983
253.500,0.985
253.530,0.977
253.560,0.979
253.590,0.984
253.620,0.976
253.650,0.976
253.680,0.981
253.710,0.973
253.740,0.974
253.770,0.979
253.800,0.974
253.830,0.982
253.860,0.979
253.890,0.991
253.920,0.982
253.950,0.968
253.980,0.990
254.010,0.989
254.040,0.969
254.070,0.993
254.100,0.974
254.130,0.972
254.160,0.979
254.190,0.991
254.220,0.982
254.250,0.985
254.280,0.987
254.310,0.985
254.340,0.986
254.370,0.955
254.400,0.983
254.430,0.992
254.460,0.973
254.490,0.983
254.520,0.983
254.550,0.967
254.580,0.954
254.610,0.947
254.640,0.943
254.670,0.943
254.700,0.960
254.730,0.988
254.760,1.000
254.790,1.011
254.820,1.000
254.850,1.014
254.880,0.989
254.910,0.992
254.940,0.980
254.970,0.975
255.000,0.951
255.030,0.956
255.060,0.984
255.090,0.976
255.120,0.978
255.150,0.967
255.180,0.975
255.210,0.975
255.240,0.967
255.270,0.960
255.300,0.967
255.330,0.959
255.360,0.976
255.390,0.965
255.420,0.979
255.450,0.975
255.480,0.970
255.510,0.971
255.540,0.972
255.570,0.963
255.600,0.958
255.630,0.959
255.660,0.974
255.690,0.972
255.720,0.963
255.750,0.977
255.780,0.963
255.810,0.969
255.840,0.976
255.870,0.970
255.900,0.972
255.930,0.965
255.960,0.964
255.990,0.971
256.020,0.963
256.050,0.973
256.080,0.978
256.110,0.975
256.140,0.994
256.170,1.016
256.200,1.001
256.230,0.983
256.260,0.956
256.290,0.962
256.320,0.960
256.350,0.960
256.380,0.953
256.410,0.963
256.440,0.974
256.470,0.975
256.500,0.976
256.530,0.971
256.560,0.979
256.590,0.986
256.620,0.987
256.650,0.986
256.680,0.971
256.710,0.975
256.740,0.961
256.770,0.975
256.800,0.980
256.830,0.991
256.860,0.989
256.890,0.948
256.920,0.961
256.950,0.971
256.980,0.989
257.010,0.989
257.040,1.005
257.070,1.014
257.100,0.965
257.130,0.999
257.160,0.969
257.190,0.977
257.220,0.964
257.250,0.973
257.280,0.963
257.310,0.978
257.340,0.969
257.370,0.970
257.400,1.003
257.430,0.969
257.460,0.973
257.490,0.988
257.520,0.989
257.550,0.995
257.580,0.991
257.610,0.992
257.640,0.993
257.670,0.967
257.700,0.986
257.730,1.004
257.760,0.999
257.790,0.995
257.820,1.003
257.850,1.003
257.880,0.997
257.910,0.996
257.940,0.982
257.970,0.985
258.000,0.984
258.030,0.974
258.060,0.977
258.090,0.987
258.120,0.976
258.150,0.968
258.180,0.977
258.210,0.974
258.240,0.960
258.270,0.952
258.300,0.949
258.330,0.965
258.360,0.970
258.390,0.953
258.420,0.980
258.450,0.967
258.480,0.986
258.510,0.987
258.540,0.994
258.570,0.996
258.600,0.989
258.630,0.997
258.660,1.001
258.690,0.994
258.720,1.000
258.750,0.986
258.780,0.967
258.810,0.974
258.840,0.979
258.870,0.985
258.900,0.995
258.930,1.011
258.960,1.011
258.990,1.023
259.020,1.010
259.050,0.982
259.080,0.985
259.110,0.985
259.140,0.983
259.170,0.985
259.200,0.991
259.230,0.990
259.260,0.993
259.290,0.961
259.320,0.961
259.350,1.016
259.380,1.050
259.410,1.017
259.440,1.000
259.470,1.007
259.500,0.989
259.530,0.960
259.560,0.941
259.590,0.949
259.620,0.954
259.650,0.954
259.680,0.954
259.710,0.974
259.740,0.954
259.770,0.963
259.800,0.971
259.830,1.003
259.860,0.984
259.890,0.969
259.920,0.941
259.950,0.930
259.980,0.923
260.010,0.943
260.040,0.971
260.070,0.971
260.100,0.969
260.130,0.987
260.160,0.983
260.190,0.987
260.220,0.965
260.250,0.973
260.280,0.952
260.310,0.937
260.340,0.962
260.370,0.958
260.400,0.944
260.430,0.948
260.460,0.929
260.490,0.958
260.520,0.996
260.550,1.037
260.580,1.034
260.610,1.009
260.640,1.009
260.670,0.989
260.700,0.946
260.730,0.976
260.760,0.980
260.790,0.975
260.820,1.022
260.850,0.968
260.880,0.971
260.910,0.944
260.940,0.930
260.970,0.946
261.000,0.992
261.030,0.958
261.060,0.959
261.090,0.953
261.120,0.963
261.150,0.960
261.180,0.955
261.210,0.955
261.240,0.982
261.270,0.985
261.300,0.969
261.330,0.991
261.360,0.979
261.390,0.945
261.420,0.931
261.450,0.945
261.480,0.960
261.510,0.970
261.540,0.973
261.570,0.984
261.600,0.985
261.630,0.939
261.660,0.944
261.690,0.955
261.720,0.960
261.750,0.976
261.780,0.979
261.810,0.982
261.840,0.960
261.870,0.938
261.900,0.951
261.930,0.965
261.960,0.968
261.990,0.977
262.020,0.979
262.050,0.978
262.080,0.966
262.110,0.938
262.140,0.948
262.170,0.971
262.200,0.975
262.230,0.969
262.260,0.976
262.290,0.976
262.320,0.958
262.350,0.938
262.380,0.957
262.410,0.976
262.440,0.999
262.470,1.029
262.500,1.038
262.530,1.027
262.560,1.007
262.590,1.001
262.620,0.978
262.650,0.982
262.680,0.985
262.710,0.954
262.740,0.946
262.770,0.947
262.800,0.952
262.830,0.945
262.860,0.966
262.890,0.959
262.920,0.981
262.950,0.984
262.980,0.987
263.010,0.971
263.040,0.968
263.070,0.979
263.100,0.971
263.130,0.974
263.160,0.975
263.190,0.943
263.220,0.956
263.250,0.960
263.280,0.942
263.310,0.951
263.340,0.967
263.370,0.961
263.400,0.979
263.430,1.017
263.460,1.047
263.490,1.085
263.520,1.058
263.550,1.033
263.580,1.007
263.610,0.980
263.640,0.982
263.670,0.991
263.700,0.987
263.730,0.979
263.760,0.981
263.790,0.977
263.820,0.989
263.850,0.971
263.880,0.999
263.910,0.988
263.940,0.960
263.970,0.955
264.000,0.958
264.030,0.971
264.060,0.974
264.090,0.988
264.120,0.978
264.150,0.972
264.180,0.972
264.210,0.928
264.240,0.951
264.270,1.015
264.300,0.965
264.330,0.967
264.360,1.015
264.390,1.012
264.420,0.989
264.450,0.984
264.480,0.986
264.510,1.008
264.540,0.989
264.570,0.957
264.600,0.953
264.630,0.956
264.660,0.951
264.690,0.904
264.720,0.928
264.750,0.987
264.780,0.996
264.810,1.000
264.840,1.011
264.870,1.024
264.900,1.012
264.930,0.963
264.960,0.956
264.990,0.968
265.020,0.958
265.050,0.955
265.080,0.975
265.110,0.947
265.140,0.980
265.170,0.977
265.200,0.979
265.230,1.021
265.260,1.023
265.290,1.031
265.320,1.081
265.350,1.077
265.380,1.065
265.410,1.044
265.440,0.997
265.470,0.962
265.500,0.962
265.530,0.997
265.560,0.980
265.590,0.974
265.620,0.990
265.650,1.000
265.680,0.959
265.710,0.999
265.740,1.003
265.770,0.990
265.800,0.976
265.830,0.968
265.860,0.976
265.890,0.978
265.920,0.972
265.950,0.955
265.980,0.963
266.010,0.978
266.040,0.997
266.070,1.003
266.100,0.979
266.130,0.941
266.160,0.956
266.190,0.963
266.220,0.994
266.250,0.977
266.280,0.973
266.310,1.002
266.340,0.972
266.370,0.986
266.400,1.037
266.430,1.048
266.460,1.039
266.490,1.022
266.520,0.986
266.550,0.984
266.580,0.957
266.610,0.968
266.640,0.979
266.670,0.979
266.700,0.975
266.730,0.973
266.760,0.992
266.790,0.994
266.820,1.005
266.850,1.006
266.880,0.996
266.910,0.991
266.940,0.987
266.970,0.987
267.000,0.996
267.030,0.992
267.060,0.991
267.090,0.995
267.120,0.994
267.150,0.988
267.180,0.984
267.210,0.984
267.240,0.988
267.270,0.992
267.300,0.997
267.330,0.995
267.360,1.005
267.390,1.000
267.420,0.991
267.450,0.995
267.480,0.999
267.510,0.991
267.540,0.988
267.570,0.986
267.600,0.982
267.630,0.990
267.660,0.998
267.690,1.000
267.720,0.992
267.750,0.992
267.780,0.996
267.810,0.995
267.840,0.991
267.870,0.993
267.900,0.990
267.930,0.990
267.960,0.994
267.990,1.004
268.020,0.992
268.050,0.993
268.080,0.989
268.110,0.990
268.140,0.993
268.170,0.985
268.200,0.996
268.230,0.995
268.260,0.990
268.290,0.991
268.320,0.986
268.350,0.994
268.380,0.994
268.410,0.998
268.440,0.992
268.470,0.986
268.500,0.999
268.530,0.997
268.560,0.988
268.590,0.990
268.620,0.996
268.650,0.991
268.680,0.997
268.710,0.995
268.740,0.990
268.770,0.990
268.800,0.986
268.830,0.995
268.860,0.998
268.890,0.992
268.920,0.993
268.950,0.990
268.980,0.992
269.010,0.999
269.040,0.991
269.070,0.993
269.100,0.996
269.130,0.991
269.160,0.992
269.190,0.993
269.220,0.992
269.250,0.994
269.280,0.989
269.310,0.995
269.340,0.991
269.370,0.993
269.400,0.996
269.430,0.997
269.460,0.991
269.490,0.993
269.520,0.990
269.550,0.990
269.580,0.998
269.610,0.986
269.640,0.991
269.670,0.995
269.700,0.994
269.730,1.005
269.760,1.015
269.790,1.005
269.820,1.001
269.850,0.985
269.880,0.971
269.910,0.963
269.940,0.959
269.970,0.966
270.000,0.992
270.030,1.009
270.060,1.033
270.090,1.017
270.120,0.994
270.150,0.989
270.180,0.984
270.210,0.980
270.240,0.991
270.270,0.994
270.300,0.994
270.330,0.986
270.360,0.997
270.390,0.982
270.420,0.986
270.450,0.995
270.480,0.984
270.510,0.995
270.540,0.991
270.570,0.987
270.600,0.992
270.630,0.993
270.660,0.993
270.690,0.996
270.720,0.992
270.750,0.989
270.780,0.988
270.810,0.985
270.840,0.994
270.870,0.994
270.900,0.992
270.930,0.987
270.960,0.992
270.990,0.986
271.020,0.990
271.050,0.992
271.080,0.996
271.110,0.994
271.140,0.995
271.170,0.993
271.200,0.994
271.230,0.992
271.260,0.989
271.290,0.991
271.320,0.994
271.350,0.989
271.380,0.985
271.410,0.993
271.440,0.991
271.470,0.991
271.500,0.992
271.530,0.989
271.560,0.992
271.590,0.994
271.620,0.992
271.650,0.990
271.680,0.995
271.710,0.992
271.740,0.991
271.770,0.996
271.800,0.989
271.830,0.990
271.860,0.995
271.890,0.990
271.920,0.990
271.950,0.996
271.980,0.990
272.010,0.988
272.040,0.996
272.070,0.989
272.100,0.995
272.130,0.990
272.160,0.988
272.190,0.993
272.220,0.988
272.250,0.990
272.280,0.989
272.310,0.992
272.340,0.989
272.370,0.990
272.400,0.993
272.430,0.984
272.460,0.986
272.490,0.994
272.520,0.995
272.550,0.990
272.580,0.994
272.610,0.990
272.640,0.988
272.670,0.989
272.700,0.987
272.730,0.992
272.760,0.993
272.790,0.995
272.820,0.990
272.850,0.988
272.880,0.987
272.910,0.991
272.940,0.994
272.970,0.992
273.000,0.992
273.030,0.990
273.060,0.985
273.090,0.987
273.120,0.994
273.150,0.991
273.180,0.989
273.210,0.996
273.240,0.992
273.270,0.988
273.300,0.994
273.330,0.984
273.360,0.996
273.390,0.990
273.420,0.991
273.450,0.990
273.480,0.993
273.510,0.989
273.540,0.986
273.570,0.991
273.600,0.992
273.630,0.993
273.660,0.990
273.690,0.987
273.720,0.989
273.750,0.999
273.780,0.992
273.810,0.988
273.840,0.998
273.870,0.993
273.900,0.996
273.930,0.995
273.960,0.993
273.990,0.984
274.020,0.995
274.050,0.990
274.080,0.994
274.110,0.994
274.140,0.989
274.170,0.986
274.200,0.986
274.230,0.983
274.260,0.987
274.290,0.988
274.320,0.986
274.350,0.986
274.380,0.996
274.410,0.989
274.440,0.990
274.470,0.996
274.500,0.987
274.530,0.986
274.560,0.985
274.590,0.981
274.620,0.983
274.650,0.992
274.680,0.989
274.710,0.983
274.740,0.991
274.770,0.989
274.800,0.978
274.830,0.980
274.860,0.993
274.890,0.985
274.920,0.985
274.950,0.982
274.980,0.992
275.010,0.995
275.040,0.983
275.070,0.986
275.100,0.993
275.130,0.991
275.160,0.984
275.190,0.989
275.220,0.993
275.250,0.992
275.280,0.986
275.310,0.987
275.340,0.987
275.370,0.986
275.400,0.986
275.430,0.987
275.460,0.986
275.490,0.992
275.520,0.985
275.550,0.991
275.580,0.986
275.610,0.993
275.640,0.986
275.670,0.987
275.700,0.989
275.730,0.988
275.760,0.976
275.790,0.958
275.820,0.960
275.850,0.969
275.880,0.982
275.910,1.029
275.940,1.018
275.970,1.027
276.000,0.989
276.030,1.010
276.060,0.923
276.090,0.938
276.120,0.996
276.150,0.968
276.180,0.994
276.210,0.979
276.240,0.994
276.270,0.993
276.300,0.983
276.330,0.967
276.360,0.987
276.390,0.972
276.420,0.984
276.450,0.994
276.480,0.991
276.510,0.993
276.540,0.986
276.570,0.968
276.600,0.998
276.630,1.005
276.660,0.981
276.690,0.973
276.720,0.980
276.750,0.976
276.780,0.976
276.810,0.983
276.840,0.986
276.870,0.985
276.900,0.980
276.930,0.982
276.960,0.980
276.990,0.981
277.020,0.980
277.050,0.986
277.080,0.973
277.110,0.983
277.140,0.990
277.170,0.980
277.200,0.979
277.230,0.981
277.260,0.979
277.290,0.982
277.320,0.983
277.350,0.987
277.380,0.983
277.410,0.979
277.440,0.977
277.470,0.985
277.500,0.994
277.530,0.986
277.560,0.989
277.590,0.996
277.620,0.994
277.650,0.980
277.680,0.977
277.710,0.976
277.740,0.976
277.770,0.983
277.800,0.990
277.830,0.984
277.860,0.972
277.890,0.969
277.920,0.979
277.950,0.991
277.980,0.980
278.010,0.984
278.040,0.982
278.070,0.983
278.100,0.980
278.130,0.985
278.160,0.983
278.190,0.989
278.220,0.990
278.250,0.986
278.280,0.984
278.310,0.980
278.340,0.981
278.370,0.978
278.400,0.995
278.430,0.991
278.460,0.976
278.490,0.969
278.520,0.960
278.550,0.974
278.580,0.981
278.610,0.979
278.640,0.982
278.670,0.996
278.700,0.985
278.730,0.973
278.760,0.981
278.790,0.987
278.820,0.980
278.850,0.979
278.880,0.976
278.910,0.980
278.940,0.984
278.970,0.979
279.000,0.985
279.030,0.989
279.060,0.993
279.090,0.988
279.120,0.981
279.150,0.964
279.180,0.970
279.210,0.959
279.240,0.970
279.270,0.994
279.300,1.025
279.330,1.013
279.360,0.989
279.390,0.961
279.420,0.973
279.450,0.979
279.480,0.983
279.510,0.989
279.540,1.004
279.570,0.997
279.600,0.995
279.630,0.994
279.660,0.986
279.690,0.991
279.720,0.988
279.750,1.010
279.780,1.030
279.810,1.036
279.840,1.029
279.870,0.989
279.900,0.962
279.930,0.950
279.960,0.948
279.990,0.950
280.020,0.984
280.050,0.975
280.080,0.976
280.110,0.982
280.140,0.993
280.170,0.995
280.200,0.978
280.230,0.977
280.260,0.976
280.290,0.973
280.320,0.970
280.350,0.982
280.380,0.985
280.410,0.991
280.440,0.992
280.470,0.988
280.500,0.986
280.530,0.988
280.560,0.990
280.590,1.004
280.620,0.996
280.650,0.981
280.680,0.982
280.710,0.993
280.740,0.973
280.770,0.985
280.800,0.985
280.830,0.975
280.860,0.977
280.890,0.978
280.920,0.983
280.950,0.996
280.980,1.003
281.010,0.998
281.040,0.984
281.070,0.984
281.100,0.985
281.130,0.983
281.160,0.985
281.190,0.983
281.220,0.985
281.250,0.990
281.280,0.990
281.310,0.987
281.340,0.988
281.370,0.990
281.400,0.990
281.430,0.986
281.460,0.984
281.490,0.988
281.520,0.990
281.550,0.986
281.580,0.984
281.610,0.991
281.640,0.991
281.670,0.984
281.700,0.979
281.730,0.987
281.760,0.974
281.790,0.978
281.820,0.987
281.850,0.981
281.880,0.985
281.910,0.999
281.940,0.990
281.970,0.983
282.000,0.986
282.030,0.991
282.060,0.984
282.090,0.982
282.120,0.980
282.150,0.989
282.180,0.984
282.210,0.986
282.240,0.992
282.270,0.990
282.300,0.982
282.330,0.993
282.360,0.994
282.390,0.991
282.420,0.993
282.450,0.996
282.480,1.001
282.510,0.991
282.540,0.995
282.570,0.993
282.600,0.987
282.630,0.983
282.660,0.985
282.690,0.985
282.720,0.990
282.750,0.995
282.780,0.987
282.810,0.984
282.840,0.991
282.870,0.994
282.900,0.994
282.930,0.994
282.960,0.991
282.990,0.994
283.020,0.993
283.050,0.988
283.080,0.994
283.110,0.988
283.140,0.992
283.170,0.993
283.200,0.990
283.230,0.994
283.260,0.995
283.290,0.992
283.320,0.989
283.350,0.996
283.380,0.992
283.410,0.993
283.440,0.992
283.470,0.988
283.500,0.994
283.530,0.994
283.560,0.992
283.590,0.993
283.620,0.986
283.650,0.990
283.680,0.999
283.710,0.993
283.740,0.991
283.770,0.991
283.800,0.993
283.830,0.995
283.860,0.994
283.890,0.988
283.920,0.994
283.950,0.988
283.980,0.985
284.010,0.982
284.040,0.996
284.070,0.995
284.100,0.993
284.130,0.985
284.160,0.993
284.190,0.989
284.220,0.989
284.250,0.993
284.280,0.991
284.310,0.983
284.340,0.989
284.370,0.989
284.400,0.984
284.430,0.990
284.460,0.980
284.490,0.970
284.520,0.974
284.550,0.972
284.580,0.955
284.610,0.986
284.640,0.990
284.670,0.959
284.700,0.993
284.730,0.970
284.760,0.991
284.790,0.994
284.820,1.005
284.850,0.992
284.880,0.987
284.910,0.989
284.940,0.989
284.970,0.982
285.000,0.975
285.030,0.981
285.060,0.977
285.090,0.978
285.120,0.979
285.150,0.976
285.180,0.983
285.210,0.974
285.240,0.976
285.270,0.979
285.300,0.982
285.330,0.981
285.360,0.984
285.390,0.978
285.420,0.987
285.450,1.000
285.480,1.015
285.510,1.028
285.540,1.021
285.570,0.979
285.600,0.974
285.630,0.944
285.660,0.957
285.690,0.973
285.720,0.955
285.750,0.958
285.780,0.972
285.810,0.970
285.840,0.979
285.870,0.980
285.900,0.985
285.930,0.987
285.960,0.992
285.990,0.982
286.020,0.982
286.050,0.985
286.080,0.981
286.110,0.982
286.140,0.988
286.170,0.985
286.200,0.984
286.230,0.983
286.260,0.984
286.290,0.979
286.320,0.983
286.350,0.984
286.380,0.984
286.410,0.986
286.440,0.982
286.470,0.985
286.500,0.972
286.530,0.978
286.560,0.995
286.590,1.013
286.620,1.008
286.650,1.017
286.680,0.985
286.710,0.992
286.740,0.992
286.770,0.997
286.800,0.976
286.830,0.964
286.860,0.995
286.890,1.019
286.920,0.982
286.950,0.977
286.980,1.001
287.010,1.027
287.040,0.986
287.070,0.979
287.100,1.004
287.130,0.983
287.160,0.990
287.190,0.995
287.220,1.000
287.250,0.990
287.280,0.989
287.310,0.991
287.340,0.990
287.370,0.994
287.400,1.000
287.430,1.000
287.460,0.999
287.490,0.988
287.520,0.996
287.550,1.002
287.580,0.998
287.610,0.991
287.640,1.003
287.670,1.009
287.700,1.001
287.730,0.993
287.760,1.005
287.790,0.996
287.820,1.004
287.850,1.002
287.880,0.999
287.910,0.998
287.940,1.003
287.970,1.000
288.000,1.003
288.030,0.998
288.060,1.005
288.090,1.001
288.120,0.994
288.150,0.994
288.180,0.988
288.210,0.998
288.240,1.003
288.270,0.994
288.300,0.995
288.330,0.992
288.360,0.999
288.390,0.996
288.420,0.998
288.450,0.998
288.480,0.994
288.510,0.999
288.540,1.001
288.570,0.997
288.600,0.994
288.630,1.000
288.660,0.997
288.690,0.996
288.720,0.998
288.750,0.997
288.780,0.998
288.810,0.999
288.840,0.998
288.870,1.000
288.900,0.994
288.930,1.002
288.960,0.999
288.990,0.998
289.020,1.001
289.050,1.000
289.080,1.000
289.110,1.001
289.140,0.997
289.170,0.997
289.200,1.003
289.230,1.001
289.260,0.996
289.290,0.993
289.320,1.005
289.350,0.998
289.380,0.972
289.410,1.004
289.440,1.022
289.470,1.023
289.500,1.000
289.530,0.978
289.560,0.998
289.590,1.014
289.620,1.015
289.650,1.001
289.680,0.990
289.710,0.989
289.740,0.996
289.770,1.001
289.800,1.002
289.830,1.007
289.860,1.003
289.890,0.998
289.920,0.997
289.950,0.997
289.980,0.993
290.010,0.992
290.040,1.004
290.070,0.998
290.100,1.013
290.130,0.997
290.160,0.999
290.190,0.999
290.220,1.010
290.250,0.995
290.280,0.996
290.310,0.999
290.340,1.000
290.370,0.988
290.400,0.995
290.430,1.005
290.460,1.020
290.490,1.011
290.520,1.014
290.550,1.011
290.580,0.986
290.610,0.982
290.640,0.970
290.670,0.979
290.700,0.982
290.730,0.993
290.760,1.005
290.790,1.006
290.820,1.005
290.850,1.001
290.880,1.000
290.910,0.995
290.940,0.990
290.970,0.991
291.000,0.996
291.030,1.010
291.060,1.003
291.090,0.999
291.120,1.004
291.150,1.010
291.180,1.002
291.210,1.012
291.240,1.013
291.270,1.010
291.300,1.010
291.330,1.006
291.360,1.015
291.390,1.006
291.420,1.009
291.450,0.999
291.480,1.000
291.510,0.999
291.540,1.007
291.570,0.998
291.600,0.993
291.630,0.991
291.660,0.988
291.690,0.994
291.720,0.996
291.750,1.003
291.780,0.997
291.810,1.002
291.840,1.005
291.870,0.994
291.900,0.991
291.930,0.991
291.960,0.996
291.990,1.000
292.020,0.990
292.050,0.997
292.080,1.000
292.110,1.001
292.140,1.012
292.170,1.005
292.200,1.009
292.230,1.017
292.260,1.001
292.290,1.001
292.320,1.008
292.350,1.008
292.380,1.005
292.410,1.005
292.440,1.000
292.470,1.012
292.500,1.004
292.530,1.001
292.560,1.005
292.590,1.005
292.620,1.004
292.650,1.003
292.680,1.003
292.710,1.006
292.740,1.010
292.770,1.003
292.800,1.003
292.830,1.006
292.860,1.006
292.890,1.008
292.920,0.995
292.950,1.001
292.980,1.009
293.010,1.004
293.040,0.999
293.070,1.007
293.100,1.008
293.130,1.003
293.160,1.001
293.190,1.008
293.220,1.006
293.250,1.005
293.280,1.008
293.310,1.004
293.340,1.007
293.370,1.007
293.400,1.003
293.430,1.000
293.460,1.003
293.490,1.008
293.520,1.004
293.550,1.007
293.580,1.003
293.610,1.004
293.640,1.008
293.670,1.004
293.700,1.002
293.730,1.005
293.760,1.011
293.790,1.002
293.820,1.000
293.850,1.012
293.880,1.003
293.910,1.010
293.940,1.002
293.970,1.004
294.000,1.005
294.030,1.008
294.060,1.008
294.090,1.004
294.120,1.004
294.150,1.010
294.180,1.002
294.210,0.995
294.240,1.004
294.270,1.001
294.300,1.010
294.330,1.004
294.360,1.005
294.390,1.009
294.420,1.007
294.450,1.005
294.480,1.007
294.510,1.000
294.540,1.000
294.570,1.006
294.600,1.011
294.630,1.004
294.660,1.004
294.690,1.008
294.720,1.008
294.750,1.008
294.780,1.001
294.810,1.007
294.840,1.008
294.870,1.006
294.900,1.007
294.930,1.004
294.960,1.008
294.990,1.007
295.020,1.002
295.050,1.006
295.080,1.006
295.110,1.004
295.140,1.011
295.170,1.007
295.200,1.007
295.230,1.000
295.260,1.009
295.290,1.002
295.320,1.009
295.350,1.005
295.380,1.001
295.410,1.005
295.440,1.012
295.470,1.010
295.500,1.005
295.530,1.009
295.560,1.004
295.590,1.009
295.620,1.007
295.650,0.995
295.680,1.011
295.710,1.010
295.740,0.999
295.770,1.007
295.800,1.009
295.830,1.010
295.860,1.013
295.890,1.009
295.920,1.012
295.950,1.000
295.980,1.005
296.010,1.005
296.040,1.004
296.070,1.005
296.100,1.003
296.130,1.005
296.160,1.008
296.190,1.010
296.220,1.011
296.250,1.009
296.280,1.011
296.310,1.005
296.340,1.012
296.370,1.006
296.400,1.007
296.430,1.008
296.460,1.003
296.490,1.001
296.520,1.012
296.550,1.003
296.580,1.010
296.610,1.010
296.640,1.007
296.670,1.009
296.700,1.010
296.730,1.010
296.760,1.008
296.790,1.003
296.820,1.008
296.850,1.009
296.880,1.007
296.910,1.002
296.940,1.012
296.970,1.011
297.000,1.012
297.030,1.009
297.060,1.010
297.090,1.011
297.120,1.013
297.150,1.000
297.180,1.008
297.210,1.007
297.240,1.004
297.270,1.005
297.300,1.014
297.330,1.006
297.360,1.009
297.390,1.009
297.420,1.005
297.450,1.006
297.480,1.013
297.510,1.007
297.540,1.006
297.570,1.012
297.600,1.014
297.630,1.007
297.660,1.010
297.690,1.006
297.720,1.003
297.750,1.012
297.780,1.014
297.810,1.002
297.840,1.009
297.870,1.010
297.900,1.011
297.930,1.007
297.960,1.007
297.990,1.015
298.020,1.004
298.050,1.013
298.080,1.012
298.110,1.011
298.140,1.010
298.170,1.011
298.200,1.009
298.230,1.005
298.260,1.005
298.290,1.006
298.320,1.006
298.350,1.011
298.380,1.007
298.410,1.002
298.440,1.016
298.470,1.011
298.500,1.010
298.530,1.007
298.560,1.008
298.590,1.015
298.620,1.006
298.650,1.009
298.680,1.012
298.710,1.010
298.740,1.012
298.770,1.008
298.800,1.008
298.830,1.012
298.860,1.008
298.890,1.009
298.920,1.007
298.950,1.007
298.980,1.008
299.010,1.014
299.040,1.017
299.070,1.011
299.100,1.004
299.130,1.013
299.160,1.017
299.190,1.009
299.220,1.004
299.250,1.009
299.280,1.016
299.310,1.010
299.340,1.012
299.370,1.008
299.400,1.008
299.430,1.007
299.460,1.007
299.490,1.012
299.520,1.009
299.550,1.004
299.580,1.012
299.610,1.007
299.640,1.006
299.670,1.010
299.700,1.008
299.730,1.007
299.760,1.008
299.790,1.005
299.820,1.008
299.850,1.009
299.880,1.011
299.910,1.011
299.940,1.011
299.970,1.013
300.000,1.016
300.030,1.004
300.060,1.005
300.090,1.004
300.120,1.004
300.150,1.013
300.180,1.014
300.210,1.011
300.240,1.016
300.270,1.006
300.300,1.009
300.330,1.013
300.360,1.011
300.390,1.008
300.420,1.014
300.450,1.004
300.480,1.009
300.510,1.009
300.540,1.010
300.570,1.007
300.600,1.012
300.630,1.006
300.660,1.010
300.690,1.007
300.720,1.008
300.750,1.004
300.780,1.013
300.810,1.007
300.840,1.008
300.870,1.012
300.900,1.020
300.930,1.010
300.960,1.017
300.990,1.007
301.020,1.013
301.050,1.016
301.080,1.011
301.110,1.012
301.140,1.007
301.170,1.015
301.200,1.011
301.230,1.017
301.260,1.009
301.290,1.006
301.320,1.003
301.350,1.015
301.380,1.022
301.410,1.012
301.440,1.013
301.470,1.013
301.500,1.010
301.530,1.014
301.560,1.011
301.590,1.007
301.620,1.005
301.650,1.007
301.680,1.004
301.710,0.999
301.740,0.986
301.770,0.993
301.800,0.987
301.830,0.999
301.860,0.991
301.890,0.979
301.920,1.010
301.950,0.996
301.980,0.998
302.010,0.986
302.040,0.985
302.070,1.009
302.100,0.993
302.130,0.992
302.160,1.002
302.190,0.995
302.220,1.015
302.250,1.018
302.280,1.009
302.310,1.013
302.340,0.993
302.370,0.977
302.400,1.003
302.430,0.999
302.460,0.992
302.490,1.006
302.520,1.007
302.550,1.004
302.580,1.018
302.610,1.009
302.640,1.013
302.670,1.014
302.700,1.013
302.730,1.007
302.760,1.011
302.790,1.001
302.820,1.006
302.850,1.003
302.880,0.999
302.910,0.992
302.940,0.996
302.970,0.996
303.000,0.997
303.030,1.003
303.060,0.993
303.090,0.991
303.120,0.994
303.150,1.009
303.180,1.004
303.210,0.993
303.240,0.998
303.270,1.001
303.300,1.005
303.330,1.004
303.360,1.005
303.390,1.005
303.420,0.996
303.450,0.994
303.480,1.002
303.510,1.004
303.540,0.994
303.570,1.002
303.600,1.007
303.630,0.996
303.660,0.998
303.690,1.002
303.720,1.003
303.750,1.004
303.780,1.000
303.810,1.000
303.840,1.001
303.870,1.001
303.900,1.006
303.930,0.994
303.960,1.005
303.990,1.001
304.020,1.000
304.050,1.001
304.080,1.003
304.110,1.009
304.140,1.002
304.170,1.005
304.200,1.007
304.230,0.997
304.260,1.003
304.290,0.998
304.320,1.004
304.350,1.005
304.380,1.002
304.410,1.004
304.440,0.996
304.470,1.005
304.500,1.009
304.530,1.004
304.560,1.003
304.590,0.995
304.620,1.002
304.650,0.999
304.680,1.000
304.710,1.008
304.740,1.002
304.770,0.999
304.800,0.997
304.830,0.999
304.860,1.002
304.890,1.001
304.920,1.003
304.950,1.007
304.980,1.002
305.010,1.002
305.040,1.001
305.070,1.005
305.100,1.001
305.130,1.005
305.160,0.997
305.190,1.004
305.220,1.002
305.250,1.009
305.280,1.000
305.310,1.005
305.340,0.997
305.370,1.002
305.400,1.005
305.430,1.003
305.460,1.004
305.490,1.000
305.520,0.994
305.550,1.008
305.580,1.011
305.610,1.003
305.640,1.000
305.670,1.005
305.700,1.000
305.730,1.004
305.760,1.008
305.790,1.004
305.820,1.008
305.850,1.010
305.880,1.007
305.910,1.000
305.940,0.996
305.970,1.007
306.000,1.009
306.030,1.004
306.060,1.010
306.090,1.014
306.120,1.005
306.150,1.006
306.180,1.000
306.210,1.005
306.240,1.002
306.270,1.016
306.300,1.004
306.330,1.011
306.360,1.014
306.390,1.015
306.420,1.011
306.450,1.015
306.480,1.001
306.510,0.995
306.540,0.997
306.570,0.988
306.600,0.998
306.630,1.003
306.660,0.997
306.690,1.001
306.720,1.003
306.750,1.005
306.780,1.003
306.810,1.008
306.840,0.996
306.870,1.006
306.900,1.011
306.930,0.997
306.960,1.007
306.990,1.015
307.020,1.020
307.050,1.043
307.080,1.037
307.110,1.018
307.140,1.002
307.170,0.990
307.200,0.989
307.230,0.981
307.260,0.991
307.290,0.998
307.320,1.005
307.350,0.991
307.380,0.998
307.410,1.022
307.440,0.988
307.470,0.999
307.500,0.999
307.530,0.980
307.560,1.009
307.590,0.998
307.620,0.984
307.650,0.996
307.680,1.019
307.710,0.998
307.740,0.998
307.770,0.995
307.800,0.991
307.830,0.994
307.860,1.003
307.890,1.002
307.920,1.007
307.950,1.015
307.980,1.009
308.010,1.004
308.040,0.995
308.070,1.002
308.100,1.005
308.130,1.003
308.160,1.001
308.190,0.998
308.220,1.006
308.250,1.003
308.280,0.997
308.310,1.003
308.340,1.005
308.370,1.011
308.400,1.000
308.430,0.999
308.460,1.007
308.490,1.001
308.520,1.001
308.550,1.002
308.580,1.010
308.610,1.004
308.640,1.001
308.670,1.008
308.700,1.009
308.730,1.006
308.760,1.011
308.790,1.005
308.820,1.002
308.850,1.001
308.880,1.001
308.910,0.998
308.940,1.006
308.970,1.003
309.000,1.004
309.030,1.008
309.060,1.006
309.090,1.001
309.120,1.002
309.150,1.003
309.180,1.003
309.210,1.011
309.240,1.003
309.270,1.001
309.300,1.009
309.330,1.005
309.360,1.000
309.390,1.006
309.420,1.006
309.450,1.002
309.480,1.001
309.510,1.005
309.540,1.005
309.570,1.005
309.600,1.009
309.630,1.007
309.660,1.001
309.690,1.007
309.720,1.011
309.750,0.999
309.780,1.000
309.810,1.006
309.840,1.000
309.870,1.009
309.900,1.007
309.930,1.003
309.960,1.004
309.990,1.007
310.020,1.007
310.050,0.999
310.080,1.007
310.110,1.007
310.140,1.005
310.170,1.004
310.200,1.011
310.230,1.001
310.260,1.007
310.290,1.008
310.320,1.008
310.350,1.005
310.380,1.002
310.410,1.007
310.440,1.010
310.470,0.999
310.500,1.006
310.530,0.998
310.560,1.008
310.590,1.012
310.620,1.004
310.650,0.999
310.680,1.002
310.710,1.002
310.740,1.009
310.770,1.009
310.800,1.006
310.830,1.009
310.860,1.001
310.890,1.008
310.920,1.007
310.950,1.014
310.980,1.000
311.010,1.017
311.040,1.007
311.070,1.008
311.100,1.007
311.130,1.005
311.160,0.997
311.190,1.021
311.220,1.004
311.250,1.010
311.280,1.008
311.310,1.014
311.340,1.002
311.370,1.000
311.400,1.019
311.430,1.003
311.460,1.007
311.490,1.006
311.520,1.006
311.550,1.001
311.580,1.006
311.610,1.008
311.640,1.003
311.670,1.004
311.700,1.004
311.730,1.003
311.760,1.006
311.790,1.000
311.820,1.001
311.850,1.005
311.880,1.006
311.910,1.005
311.940,1.004
311.970,1.000
312.000,1.007
312.030,1.001
312.060,1.013
312.090,1.005
312.120,1.007
312.150,1.009
312.180,1.008
312.210,0.997
312.240,1.004
312.270,1.006
312.300,1.003
312.330,1.006
312.360,1.014
312.390,1.006
312.420,1.008
312.450,1.008
312.480,1.007
312.510,1.008
312.540,1.007
312.570,1.005
312.600,1.011
312.630,1.005
312.660,1.004
312.690,1.002
312.720,1.009
312.750,1.005
312.780,1.010
312.810,1.003
312.840,1.007
312.870,1.002
312.900,1.007
312.930,1.009
312.960,1.001
312.990,1.007
313.020,1.004
313.050,1.007
313.080,1.001
313.110,1.004
313.140,1.011
313.170,1.009
313.200,1.010
313.230,1.005
313.260,1.006
313.290,1.012
313.320,1.005
313.350,1.008
313.380,1.002
313.410,1.004
313.440,1.008
313.470,1.003
313.500,1.010
313.530,1.006
313.560,1.005
313.590,1.004
313.620,1.005
313.650,1.007
313.680,1.011
313.710,1.009
313.740,0.998
313.770,1.003
313.800,1.006
313.830,1.014
313.860,1.007
313.890,1.006
313.920,1.000
313.950,1.011
313.980,1.017
314.010,1.000
314.040,1.003
314.070,1.014
314.100,1.010
314.130,1.006
314.160,1.007
314.190,1.006
314.220,1.005
314.250,1.007
314.280,1.005
314.310,1.003
314.340,1.011
314.370,1.006
314.400,1.014
314.430,1.007
314.460,1.005
314.490,1.015
314.520,1.006
314.550,1.010
314.580,1.021
314.610,1.011
314.640,1.017
314.670,1.005
314.700,1.009
314.730,1.009
314.760,1.011
314.790,0.999
314.820,1.000
314.850,0.998
314.880,1.004
314.910,1.007
314.940,0.986
314.970,1.000
315.000,1.002
315.030,0.996
315.060,0.982
315.090,0.996
315.120,1.001
315.150,0.987
315.180,0.992
315.210,0.997
315.240,0.993
315.270,1.002
315.300,1.001
315.330,0.981
315.360,0.986
315.390,0.996
315.420,0.992
315.450,0.984
315.480,0.997
315.510,0.982
315.540,0.987
315.570,0.988
315.600,0.985
315.630,0.980
315.660,0.994
315.690,0.998
315.720,0.995
315.750,0.980
315.780,0.991
315.810,0.998
315.840,0.999
315.870,0.988
315.900,0.989
315.930,1.002
315.960,1.003
315.990,0.995
316.020,1.002
316.050,0.998
316.080,0.983
316.110,0.978
316.140,0.993
316.170,0.983
316.200,1.001
316.230,1.010
316.260,0.994
316.290,0.995
316.320,0.988
316.350,0.977
316.380,0.976
316.410,0.979
316.440,0.993
316.470,0.985
316.500,0.980
316.530,0.975
316.560,0.968
316.590,0.970
316.620,0.962
316.650,0.964
316.680,0.968
316.710,0.979
316.740,1.004
316.770,1.004
316.800,0.999
316.830,1.000
316.860,1.009
316.890,1.016
316.920,1.008
316.950,0.996
316.980,1.006
317.010,1.017
317.040,1.008
317.070,1.002
317.100,0.997
317.130,0.992
317.160,0.988
317.190,0.990
317.220,0.982
317.250,0.988
317.280,0.988
317.310,0.976
317.340,0.973
317.370,0.984
317.400,0.981
317.430,0.976
317.460,0.976
317.490,0.981
317.520,0.975
317.550,0.983
317.580,0.984
317.610,0.982
317.640,0.977
317.670,0.988
317.700,0.983
317.730,0.987
317.760,0.999
317.790,0.987
317.820,1.005
317.850,1.022
317.880,1.023
317.910,1.018
317.940,0.998
317.970,1.003
318.000,1.023
318.030,1.012
318.060,0.972
318.090,0.986
318.120,0.983
318.150,0.985
318.180,0.982
318.210,0.999
318.240,1.020
318.270,1.016
318.300,1.007
318.330,1.007
318.360,1.007
318.390,0.994
318.420,0.997
318.450,0.986
318.480,1.006
318.510,1.006
318.540,1.005
318.570,0.996
318.600,1.004
318.630,0.991
318.660,0.988
318.690,1.007
318.720,0.995
318.750,0.990
318.780,0.996
318.810,0.988
318.840,1.000
318.870,1.003
318.900,1.016
318.930,0.999
318.960,0.997
318.990,1.003
319.020,0.997
319.050,0.997
319.080,1.000
319.110,0.999
319.140,1.002
319.170,0.991
319.200,1.003
319.230,0.989
319.260,0.988
319.290,1.003
319.320,1.002
319.350,0.993
319.380,0.988
319.410,0.995
319.440,0.998
319.470,0.999
319.500,0.998
319.530,1.002
319.560,0.999
319.590,0.993
319.620,0.993
319.650,1.001
319.680,1.004
319.710,0.996
319.740,0.997
319.770,0.995
319.800,1.002
319.830,0.995
319.860,0.995
319.890,1.002
319.920,0.995
319.950,0.998
319.980,0.996
320.010,1.002
320.040,0.996
320.070,0.992
320.100,0.995
320.130,1.003
320.160,0.998
320.190,0.993
320.220,1.000
320.250,1.003
320.280,0.996
320.310,0.988
320.340,0.996
320.370,1.003
320.400,0.990
320.430,1.001
320.460,0.998
320.490,1.002
320.520,1.007
320.550,0.993
320.580,0.997
320.610,0.999
320.640,1.001
320.670,1.001
320.700,1.001
320.730,0.997
320.760,0.996
320.790,1.000
320.820,0.996
320.850,1.003
320.880,1.001
320.910,1.000
320.940,0.995
320.970,0.995
321.000,1.000
321.030,1.000
321.060,0.999
321.090,0.997
321.120,0.992
321.150,0.996
321.180,0.996
321.210,0.997
321.240,0.999
321.270,1.003
321.300,1.000
321.330,0.997
321.360,0.995
321.390,1.001
321.420,1.006
321.450,1.000
321.480,0.999
321.510,0.997
321.540,0.997
321.570,1.001
321.600,0.993
321.630,1.000
321.660,1.000
321.690,0.999
321.720,0.989
321.750,1.000
321.780,0.995
321.810,1.003
321.840,1.004
321.870,1.002
321.900,0.997
321.930,1.003
321.960,0.996
321.990,1.000
322.020,0.997
322.050,0.992
322.080,1.001
322.110,1.004
322.140,0.995
322.170,0.993
322.200,1.000
322.230,0.992
322.260,0.997
322.290,0.992
322.320,0.995
322.350,1.002
322.380,0.991
322.410,0.995
322.440,0.994
322.470,0.998
322.500,1.005
322.530,0.997
322.560,0.991
322.590,0.998
322.620,0.995
322.650,0.994
322.680,0.995
322.710,1.000
322.740,0.997
322.770,1.001
322.800,0.990
322.830,0.993
322.860,0.997
322.890,1.003
322.920,0.999
322.950,0.999
322.980,1.003
323.010,0.997
323.040,0.996
323.070,1.002
323.100,0.994
323.130,0.998
323.160,1.008
323.190,0.998
323.220,0.998
323.250,0.999
323.280,1.002
323.310,0.996
323.340,0.995
323.370,0.995
323.400,0.998
323.430,0.999
323.460,1.006
323.490,0.996
323.520,0.994
323.550,0.997
323.580,0.999
323.610,0.999
323.640,0.997
323.670,0.996
323.700,0.999
323.730,1.002
323.760,1.002
323.790,0.996
323.820,1.003
323.850,1.003
323.880,0.998
323.910,0.992
323.940,1.008
323.970,1.005
324.000,0.999
324.030,0.994
324.060,0.997
324.090,0.999
324.120,1.001
324.150,0.998
324.180,0.998
324.210,0.998
324.240,1.002
324.270,0.999
324.300,1.007
324.330,1.003
324.360,0.992
324.390,0.999
324.420,1.002
324.450,0.998
324.480,1.002
324.510,0.998
324.540,1.005
324.570,1.003
324.600,0.999
324.630,1.002
324.660,0.997
324.690,0.999
324.720,0.995
324.750,1.002
324.780,0.999
324.810,0.999
324.840,1.000
324.870,0.998
324.900,0.997
324.930,1.002
324.960,0.995
324.990,1.000
325.020,1.003
325.050,1.003
325.080,1.000
325.110,1.001
325.140,0.991
325.170,1.005
325.200,1.003
325.230,0.993
325.260,0.998
325.290,0.998
325.320,0.999
325.350,1.000
325.380,1.000
325.410,0.991
325.440,0.995
325.470,1.002
325.500,1.000
325.530,0.999
325.560,0.997
325.590,0.999
325.620,0.999
325.650,0.999
325.680,0.998
325.710,1.001
325.740,1.000
325.770,1.000
325.800,0.995
325.830,1.002
325.860,1.000
325.890,1.002
325.920,0.995
325.950,0.999
325.980,1.004
326.010,1.003
326.040,0.995
326.070,1.000
326.100,0.988
326.130,0.994
326.160,1.006
326.190,0.998
326.220,1.002
326.250,0.996
326.280,0.994
326.310,0.998
326.340,1.000
326.370,1.002
326.400,0.998
326.430,1.003
326.460,1.010
326.490,1.010
326.520,0.995
326.550,1.002
326.580,1.006
326.610,1.005
326.640,0.997
326.670,0.999
326.700,1.004
326.730,1.007
326.760,1.004
326.790,1.001
326.820,1.006
326.850,0.993
326.880,0.993
326.910,1.008
326.940,0.996
326.970,0.996
327.000,0.992
327.030,0.996
327.060,0.989
327.090,0.997
327.120,0.996
327.150,0.993
327.180,0.994
327.210,0.986
327.240,0.986
327.270,0.987
327.300,0.990
327.330,0.992
327.360,0.994
327.390,0.992
327.420,0.990
327.450,0.994
327.480,0.992
327.510,0.992
327.540,0.984
327.570,0.997
327.600,0.994
327.630,0.996
327.660,0.987
327.690,0.991
327.720,0.994
327.750,1.000
327.780,1.006
327.810,0.999
327.840,0.999
327.870,0.999
327.900,1.000
327.930,0.989
327.960,0.989
327.990,0.999
328.020,0.996
328.050,0.994
328.080,0.989
328.110,0.995
328.140,1.004
328.170,0.995
328.200,0.998
328.230,0.998
328.260,0.998
328.290,0.994
328.320,0.998
328.350,0.997
328.380,0.996
328.410,0.987
328.440,0.997
328.470,0.994
328.500,0.999
328.530,0.993
328.560,0.992
328.590,0.989
328.620,0.969
328.650,0.968
328.680,0.958
328.710,0.977
328.740,0.970
328.770,0.989
328.800,0.990
328.830,0.990
328.860,0.993
328.890,0.990
328.920,0.970
328.950,0.991
328.980,0.999
329.010,0.989
329.040,1.008
329.070,1.010
329.100,1.012
329.130,1.010
329.160,1.026
329.190,1.011
329.220,1.003
329.250,1.014
329.280,1.007
329.310,1.014
329.340,1.006
329.370,0.993
329.400,1.009
329.430,1.010
329.460,0.997
329.490,1.006
329.520,1.006
329.550,1.009
329.580,1.012
329.610,1.009
329.640,1.007
329.670,1.007
329.700,1.006
329.730,1.003
329.760,1.006
329.790,1.006
329.820,1.007
329.850,1.006
329.880,1.002
329.910,0.998
329.940,0.995
329.970,0.997
330.000,1.000
330.030,1.006
330.060,0.998
330.090,0.996
330.120,0.995
330.150,0.996
330.180,0.992
330.210,0.997
330.240,0.993
330.270,1.002
330.300,0.996
330.330,0.985
330.360,0.998
330.390,0.995
330.420,0.981
330.450,1.006
330.480,1.000
330.510,0.997
330.540,0.999
330.570,0.992
330.600,0.991
330.630,0.994
330.660,0.994
330.690,1.000
330.720,0.987
330.750,0.993
330.780,0.990
330.810,0.998
330.840,1.011
330.870,0.996
330.900,0.996
330.930,0.993
330.960,0.998
330.990,0.998
331.020,0.996
331.050,0.993
331.080,0.997
331.110,0.994
331.140,1.003
331.170,1.009
331.200,1.002
331.230,1.001
331.260,0.999
331.290,1.001
331.320,0.999
331.350,1.001
331.380,1.004
331.410,1.002
331.440,1.002
331.470,1.004
331.500,1.008
331.530,1.010
331.560,1.009
331.590,1.006
331.620,1.005
331.650,1.004
331.680,1.007
331.710,0.997
331.740,0.988
331.770,0.989
331.800,0.995
331.830,1.000
331.860,1.009
331.890,1.010
331.920,0.997
331.950,0.999
331.980,0.999
332.010,0.997
332.040,0.988
332.070,0.983
332.100,0.993
332.130,0.996
332.160,0.993
332.190,0.996
332.220,0.996
332.250,0.991
332.280,0.990
332.310,0.993
332.340,0.996
332.370,0.995
332.400,0.995
332.430,0.994
332.460,0.992
332.490,0.998
332.520,1.003
332.550,0.995
332.580,0.998
332.610,1.004
332.640,1.002
332.670,0.998
332.700,0.993
332.730,0.999
332.760,0.994
332.790,1.002
332.820,1.004
332.850,0.997
332.880,0.997
332.910,1.001
332.940,0.998
332.970,0.995
333.000,0.994
333.030,0.998
333.060,1.001
333.090,0.999
333.120,0.992
333.150,0.996
333.180,1.001
333.210,1.006
333.240,0.998
333.270,0.998
333.300,1.002
333.330,1.001
333.360,0.992
333.390,0.996
333.420,0.991
333.450,1.002
333.480,0.999
333.510,1.001
333.540,1.007
333.570,0.998
333.600,0.999
333.630,1.004
333.660,0.998
333.690,0.994
333.720,0.998
333.750,1.003
333.780,1.003
333.810,0.999
333.840,0.992
333.870,1.001
333.900,1.003
333.930,0.999
333.960,0.999
333.990,1.001
334.020,0.999
334.050,0.997
334.080,0.999
334.110,0.993
334.140,0.994
334.170,1.006
334.200,1.009
334.230,1.002
334.260,0.998
334.290,1.002
334.320,1.001
334.350,1.002
334.380,0.999
334.410,0.995
334.440,0.997
334.470,1.005
334.500,1.002
334.530,1.004
334.560,0.995
334.590,0.996
334.620,0.999
334.650,1.003
334.680,1.007
334.710,0.997
334.740,1.003
334.770,0.996
334.800,0.996
334.830,1.000
334.860,1.000
334.890,0.999
334.920,0.998
334.950,1.004
334.980,1.002
335.010,0.999
335.040,0.999
335.070,1.005
335.100,0.999
335.130,1.000
335.160,0.997
335.190,0.999
335.220,1.002
335.250,1.005
335.280,0.998
335.310,1.001
335.340,1.006
335.370,1.000
335.400,1.000
335.430,1.003
335.460,1.004
335.490,1.001
335.520,0.998
335.550,0.995
335.580,1.002
335.610,0.993
335.640,0.999
335.670,1.010
335.700,1.007
335.730,1.000
335.760,1.002
335.790,1.000
335.820,0.999
335.850,1.005
335.880,1.002
335.910,0.997
335.940,1.000
335.970,0.999
336.000,1.004
336.030,1.014
336.060,1.015
336.090,0.991
336.120,1.005
336.150,1.003
336.180,1.001
336.210,0.999
336.240,1.003
336.270,0.999
336.300,1.004
336.330,1.009
336.360,1.006
336.390,1.003
336.420,1.007
336.450,1.007
336.480,1.010
336.510,1.008
336.540,1.004
336.570,1.013
336.600,1.019
336.630,1.017
336.660,1.013
336.690,1.002
336.720,0.996
336.750,0.999
336.780,0.997
336.810,0.998
336.840,1.008
336.870,1.001
336.900,1.006
336.930,0.995
336.960,0.993
336.990,0.993
337.020,0.993
337.050,0.987
337.080,0.983
337.110,0.984
337.140,1.001
337.170,1.004
337.200,0.997
337.230,0.995
337.260,1.002
337.290,0.991
337.320,0.993
337.350,0.984
337.380,0.996
337.410,0.996
337.440,0.985
337.470,0.987
337.500,0.997
337.530,0.989
337.560,0.985
337.590,0.995
337.620,0.995
337.650,0.994
337.680,1.004
337.710,1.002
337.740,1.003
337.770,1.006
337.800,1.006
337.830,1.002
337.860,1.000
337.890,0.990
337.920,0.987
337.950,0.988
337.980,0.985
338.010,0.987
338.040,1.001
338.070,1.000
338.100,0.997
338.130,1.002
338.160,1.001
338.190,0.990
338.220,0.992
338.250,0.997
338.280,0.986
338.310,0.994
338.340,0.991
338.370,1.005
338.400,1.008
338.430,0.988
338.460,0.991
338.490,1.004
338.520,1.000
338.550,1.005
338.580,1.006
338.610,0.995
338.640,0.994
338.670,0.986
338.700,0.975
338.730,0.989
338.760,0.969
338.790,0.993
338.820,1.014
338.850,1.018
338.880,1.023
338.910,1.008
338.940,1.008
338.970,1.011
339.000,1.001
339.030,0.992
339.060,0.984
339.090,0.991
339.120,0.993
339.150,0.992
339.180,0.999
339.210,0.998
339.240,1.009
339.270,1.012
339.300,1.007
339.330,0.998
339.360,0.999
339.390,0.994
339.420,1.001
339.450,0.999
339.480,0.992
339.510,0.984
339.540,0.989
339.570,0.997
339.600,1.004
339.630,1.001
339.660,1.004
339.690,1.002
339.720,1.002
339.750,1.000
339.780,0.997
339.810,1.006
339.840,0.996
339.870,0.997
339.900,0.995
339.930,1.005
339.960,1.007
339.990,1.005
340.020,1.002
340.050,1.001
340.080,0.996
340.110,0.995
340.140,0.990
340.170,1.010
340.200,1.015
340.230,1.017
340.260,1.006
340.290,1.014
340.320,1.006
340.350,0.996
340.380,0.991
340.410,0.993
340.440,1.001
340.470,1.000
340.500,1.000
340.530,0.991
340.560,1.004
340.590,1.000
340.620,0.989
340.650,0.993
340.680,0.988
340.710,0.986
340.740,0.989
340.770,0.995
340.800,0.983
340.830,0.975
340.860,1.001
340.890,0.991
340.920,0.998
340.950,1.024
340.980,1.010
341.010,1.005
341.040,1.009
341.070,0.997
341.100,0.977
341.130,0.984
341.160,0.986
341.190,0.986
341.220,1.000
341.250,0.998
341.280,0.998
341.310,0.998
341.340,1.005
341.370,1.004
341.400,0.997
341.430,0.993
341.460,0.998
341.490,0.991
341.520,1.002
341.550,0.996
341.580,0.999
341.610,1.000
341.640,0.993
341.670,1.000
341.700,0.994
341.730,0.993
341.760,1.000
341.790,1.000
341.820,1.003
341.850,0.989
341.880,0.998
341.910,0.997
341.940,1.000
341.970,1.005
342.000,1.001
342.030,0.994
342.060,1.001
342.090,0.995
342.120,0.994
342.150,0.997
342.180,1.004
342.210,0.997
342.240,0.995
342.270,0.994
342.300,1.003
342.330,1.003
342.360,0.996
342.390,0.999
342.420,1.003
342.450,0.994
342.480,0.993
342.510,1.003
342.540,1.005
342.570,1.000
342.600,0.996
342.630,0.996
342.660,1.000
342.690,0.997
342.720,0.987
342.750,0.989
342.780,0.999
342.810,0.993
342.840,0.998
342.870,0.990
342.900,0.999
342.930,1.003
342.960,0.999
342.990,0.989
343.020,0.996
343.050,1.004
343.080,1.001
343.110,0.999
343.140,1.003
343.170,0.998
343.200,1.004
343.230,1.001
343.260,1.001
343.290,0.990
343.320,1.001
343.350,0.999
343.380,0.987
343.410,0.986
343.440,1.000
343.470,1.008
343.500,1.004
343.530,0.991
343.560,0.993
343.590,0.985
343.620,0.996
343.650,0.997
343.680,1.002
343.710,1.034
343.740,1.002
343.770,0.993
343.800,1.008
343.830,0.965
343.860,0.996
343.890,0.980
343.920,0.987
343.950,0.971
343.980,0.998
344.010,0.999
344.040,0.994
344.070,0.987
344.100,0.996
344.130,0.990
344.160,0.986
344.190,0.996
344.220,0.998
344.250,0.999
344.280,0.992
344.310,0.994
344.340,1.007
344.370,0.997
344.400,0.990
344.430,0.998
344.460,1.000
344.490,0.997
344.520,0.994
344.550,0.993
344.580,0.997
344.610,0.996
344.640,1.002
344.670,1.005
344.700,0.996
344.730,0.991
344.760,1.004
344.790,0.998
344.820,0.993
344.850,1.006
344.880,0.997
344.910,0.988
344.940,1.003
344.970,1.002
345.000,0.988
345.030,1.001
345.060,1.010
345.090,1.009
345.120,0.996
345.150,0.993
345.180,0.993
345.210,0.988
345.240,0.979
345.270,0.997
345.300,1.007
345.330,0.996
345.360,0.994
345.390,0.995
345.420,0.990
345.450,0.998
345.480,0.987
345.510,0.990
345.540,0.994
345.570,1.001
345.600,0.995
345.630,1.001
345.660,0.985
345.690,1.000
345.720,1.004
345.750,0.993
345.780,0.991
345.810,0.994
345.840,0.988
345.870,0.951
345.900,0.979
345.930,0.981
345.960,0.977
345.990,0.989
346.020,1.007
346.050,1.003
346.080,0.998
346.110,1.018
346.140,1.007
346.170,1.015
346.200,1.005
346.230,1.004
346.260,1.001
346.290,1.005
346.320,1.001
346.350,0.989
346.380,0.993
346.410,0.983
346.440,0.991
346.470,0.986
346.500,0.988
346.530,0.994
346.560,1.004
346.590,0.993
346.620,0.976
346.650,0.989
346.680,1.004
346.710,0.989
346.740,0.995
346.770,0.999
346.800,0.989
346.830,1.009
346.860,0.998
346.890,0.990
346.920,0.980
346.950,0.991
346.980,0.980
347.010,0.988
347.040,0.984
347.070,0.999
347.100,0.994
347.130,1.000
347.160,0.992
347.190,1.001
347.220,0.990
347.250,1.003
347.280,0.988
347.310,0.991
347.340,0.982
347.370,0.988
347.400,0.991
347.430,0.987
347.460,0.999
347.490,0.994
347.520,1.000
347.550,0.992
347.580,1.005
347.610,1.004
347.640,0.993
347.670,0.988
347.700,1.005
347.730,1.000
347.760,0.985
347.790,0.997
347.820,1.010
347.850,1.001
347.880,0.998
347.910,0.992
347.940,0.992
347.970,1.006
348.000,1.002
348.030,1.006
348.060,0.993
348.090,1.005
348.120,0.994
348.150,0.984
348.180,1.002
348.210,1.002
348.240,0.982
348.270,0.998
348.300,1.003
348.330,0.987
348.360,0.992
348.390,0.988
348.420,1.002
348.450,0.994
348.480,0.998
348.510,0.994
348.540,0.989
348.570,0.992
348.600,0.984
348.630,0.985
348.660,0.995
348.690,0.997
348.720,0.985
348.750,1.000
348.780,1.010
348.810,1.005
348.840,1.010
348.870,1.013
348.900,0.993
348.930,0.989
348.960,0.978
348.990,0.967
349.020,0.971
349.050,0.981
349.080,1.000
349.110,0.999
349.140,1.001
349.170,1.008
349.200,0.998
349.230,0.986
349.260,0.990
349.290,0.988
349.320,0.989
349.350,0.993
349.380,0.983
349.410,0.990
349.440,1.004
349.470,1.005
349.500,0.993
349.530,1.002
349.560,0.988
349.590,1.000
349.620,0.996
349.650,0.992
349.680,0.997
349.710,1.000
349.740,0.996
349.770,0.986
349.800,0.992
349.830,0.997
349.860,0.998
349.890,0.977
349.920,0.984
349.950,0.988
349.980,0.992
350.010,1.004
350.040,1.006
350.070,0.994
350.100,0.998
350.130,1.012
350.160,1.004
350.190,1.003
350.220,1.000
350.250,0.997
350.280,1.011
350.310,1.007
350.340,1.001
350.370,1.003
350.400,0.993
350.430,0.983
350.460,0.979
350.490,0.978
350.520,0.947
350.550,0.982
350.580,1.011
350.610,1.011
350.640,1.008
350.670,1.020
350.700,1.009
350.730,1.002
350.760,1.002
350.790,1.001
350.820,1.006
350.850,1.011
350.880,1.006
350.910,1.005
350.940,1.021
350.970,0.996
351.000,0.994
351.030,1.012
351.060,1.013
351.090,0.996
351.120,1.023
351.150,1.022
351.180,1.016
351.210,1.026
351.240,1.026
351.270,1.016
351.300,1.010
351.330,0.980
351.360,0.997
351.390,0.989
351.420,0.982
351.450,0.991
351.480,0.977
351.510,0.984
351.540,0.979
351.570,0.985
351.600,0.997
351.630,0.986
351.660,1.004
351.690,0.997
351.720,1.012
351.750,1.007
351.780,1.003
351.810,1.003
351.840,1.003
351.870,1.009
351.900,1.000
351.930,1.000
351.960,1.002
351.990,1.006
352.020,1.006
352.050,1.005
352.080,1.006
352.110,1.006
352.140,1.011
352.170,1.012
352.200,1.005
352.230,1.005
352.260,1.010
352.290,1.009
352.320,1.001
352.350,1.005
352.380,1.012
352.410,1.007
352.440,0.999
352.470,1.009
352.500,1.005
352.530,1.009
352.560,0.998
352.590,1.008
352.620,1.009
352.650,1.008
352.680,1.009
352.710,1.011
352.740,1.009
352.770,1.001
352.800,1.007
352.830,1.004
352.860,1.004
352.890,1.005
352.920,1.008
352.950,1.009
352.980,1.002
353.010,1.009
353.040,1.014
353.070,1.006
353.100,1.011
353.130,1.012
353.160,1.002
353.190,1.007
353.220,1.005
353.250,1.004
353.280,1.007
353.310,1.003
353.340,1.009
353.370,1.007
353.400,1.008
353.430,1.010
353.460,1.009
353.490,1.001
353.520,1.010
353.550,1.020
353.580,1.014
353.610,1.013
353.640,1.004
353.670,1.012
353.700,1.012
353.730,1.005
353.760,1.002
353.790,1.007
353.820,1.008
353.850,1.004
353.880,1.006
353.910,1.007
353.940,1.004
353.970,1.004
354.000,1.008
354.030,1.014
354.060,1.008
354.090,1.008
354.120,1.009
354.150,1.004
354.180,0.997
354.210,1.011
354.240,1.014
354.270,1.002
354.300,1.006
354.330,1.008
354.360,1.003
354.390,1.009
354.420,1.004
354.450,1.003
354.480,1.009
354.510,1.011
354.540,1.006
354.570,1.008
354.600,1.002
354.630,1.004
354.660,1.003
354.690,1.008
354.720,1.008
354.750,1.009
354.780,1.001
354.810,1.004
354.840,1.009
354.870,1.002
354.900,1.008
354.930,1.003
354.960,1.003
354.990,1.013
355.020,1.007
355.050,1.004
355.080,1.006
355.110,0.999
355.140,1.004
355.170,1.014
355.200,1.008
355.230,0.998
355.260,1.006
355.290,1.007
355.320,1.006
355.350,1.009
355.380,1.010
355.410,1.007
355.440,1.003
355.470,1.001
355.500,1.001
355.530,1.014
355.560,1.011
355.590,1.004
355.620,1.002
355.650,1.012
355.680,1.007
355.710,1.008
355.740,1.009
355.770,1.008
355.800,1.021
355.830,1.017
355.860,1.005
355.890,1.007
355.920,1.003
355.950,0.998
355.980,0.999
356.010,0.986
356.040,0.992
356.070,0.998
356.100,0.993
356.130,1.006
356.160,1.007
356.190,1.001
356.220,0.992
356.250,1.000
356.280,1.007
356.310,1.001
356.340,0.989
356.370,0.997
356.400,0.987
356.430,0.991
356.460,0.990
356.490,0.991
356.520,1.000
356.550,1.006
356.580,1.001
356.610,1.000
356.640,1.001
356.670,1.000
356.700,0.992
356.730,1.000
356.760,1.003
356.790,1.004
356.820,1.005
356.850,0.994
356.880,0.999
356.910,1.006
356.940,0.996
356.970,0.997
357.000,1.000
357.030,0.990
357.060,0.999
357.090,0.995
357.120,0.989
357.150,0.999
357.180,1.001
357.210,0.998
357.240,0.995
357.270,0.997
357.300,0.997
357.330,0.994
357.360,0.995
357.390,0.991
357.420,0.997
357.450,0.999
357.480,0.992
357.510,0.994
357.540,0.997
357.570,0.995
357.600,0.996
357.630,0.993
357.660,0.996
357.690,1.001
357.720,0.999
357.750,1.000
357.780,0.994
357.810,1.001
357.840,1.002
357.870,1.008
357.900,0.988
357.930,0.993
357.960,1.002
357.990,1.000
358.020,0.987
358.050,1.000
358.080,0.999
358.110,0.999
358.140,0.986
358.170,1.000
358.200,1.010
358.230,0.998
358.260,0.987
358.290,0.994
358.320,0.993
358.350,1.001
358.380,0.995
358.410,0.990
358.440,0.999
358.470,1.005
358.500,0.999
358.530,0.999
358.560,1.000
358.590,1.002
358.620,0.989
358.650,0.998
358.680,0.995
358.710,1.001
358.740,1.000
358.770,1.000
358.800,1.000
358.830,0.994
358.860,0.987
358.890,0.999
358.920,0.998
358.950,1.000
358.980,0.999
359.010,1.000
359.040,0.992
359.070,0.993
359.100,1.006
359.130,1.005
359.160,0.999
359.190,0.995
359.220,0.997
359.250,0.997
359.280,0.997
359.310,1.001
359.340,0.996
359.370,0.995
359.400,1.002
359.430,0.990
359.460,0.998
359.490,1.003
359.520,0.997
359.550,0.995
359.580,1.001
359.610,1.001
359.640,0.993
359.670,1.003
359.700,1.002
359.730,0.995
359.760,0.992
359.790,0.997
359.820,0.999
359.850,1.010
359.880,1.000
359.910,0.992
359.940,0.995
359.970,0.996
360.000,1.003
360.030,1.006
360.060,0.993
360.090,0.995
360.120,1.008
360.150,1.000
360.180,0.993
360.210,1.001
360.240,0.995
360.270,0.988
360.300,1.002
360.330,1.001
360.360,0.999
360.390,0.997
360.420,0.998
360.450,1.003
360.480,1.000
360.510,1.005
360.540,1.000
360.570,0.994
360.600,0.995
360.630,1.004
360.660,1.000
360.690,1.006
360.720,1.014
360.750,0.994
360.780,0.993
360.810,1.001
360.840,0.994
360.870,0.999
360.900,1.006
360.930,0.993
360.960,0.995
360.990,0.997
361.020,1.003
361.050,0.998
361.080,1.008
361.110,1.004
361.140,0.992
361.170,0.997
361.200,1.002
361.230,1.005
361.260,1.004
361.290,1.000
361.320,0.998
361.350,1.012
361.380,1.007
361.410,0.994
361.440,1.002
361.470,0.993
361.500,0.988
361.530,1.020
361.560,1.002
361.590,0.982
361.620,0.980
361.650,0.997
361.680,0.987
361.710,0.989
361.740,0.992
361.770,0.994
361.800,0.984
361.830,0.988
361.860,0.984
361.890,0.991
361.920,0.996
361.950,0.979
361.980,0.986
362.010,1.001
362.040,0.993
362.070,0.985
362.100,0.996
362.130,0.990
362.160,0.989
362.190,1.000
362.220,1.021
362.250,0.999
362.280,0.981
362.310,0.975
362.340,0.978
362.370,0.981
362.400,0.988
362.430,0.990
362.460,0.983
362.490,0.988
362.520,0.996
362.550,0.992
362.580,0.962
362.610,0.985
362.640,0.993
362.670,0.979
362.700,0.982
362.730,0.995
362.760,0.986
362.790,0.978
362.820,0.987
362.850,0.977
362.880,0.962
362.910,0.980
362.940,0.991
362.970,0.996
363.000,0.979
363.030,0.990
363.060,0.991
363.090,0.990
363.120,0.983
363.150,0.984
363.180,0.985
363.210,0.980
363.240,0.979
363.270,0.996
363.300,1.005
363.330,1.010
363.360,1.002
363.390,0.984
363.420,0.988
363.450,0.997
363.480,0.988
363.510,0.994
363.540,0.974
363.570,0.983
363.600,0.970
363.630,0.978
363.660,0.994
363.690,1.009
363.720,1.005
363.750,0.997
363.780,0.991
363.810,1.001
363.840,1.007
363.870,0.991
363.900,0.994
363.930,0.989
363.960,0.992
363.990,0.992
364.020,0.992
364.050,0.985
364.080,0.990
364.110,1.000
364.140,0.995
364.170,0.988
364.200,0.983
364.230,0.995
364.260,0.990
364.290,0.998
364.320,0.992
364.350,0.996
364.380,0.995
364.410,0.999
364.440,1.003
364.470,1.005
364.500,1.017
364.530,1.006
364.560,0.986
364.590,0.985
364.620,0.981
364.650,0.974
364.680,0.976
364.710,0.976
364.740,0.975
364.770,0.979
364.800,0.975
364.830,0.993
364.860,0.995
364.890,1.003
364.920,0.990
364.950,0.999
364.980,0.999
365.010,0.992
365.040,0.989
365.070,0.992
365.100,0.994
365.130,0.994
365.160,0.987
365.190,0.981
365.220,0.986
365.250,0.979
365.280,0.974
365.310,0.961
365.340,0.992
365.370,1.000
365.400,1.000
365.430,0.993
365.460,1.000
365.490,0.996
365.520,0.983
365.550,0.994
365.580,0.992
365.610,1.002
365.640,0.997
365.670,1.010
365.700,0.994
365.730,1.005
365.760,1.012
365.790,1.009
365.820,1.010
365.850,1.013
365.880,1.020
365.910,1.013
365.940,1.005
365.970,1.015
366.000,1.018
366.030,1.000
366.060,1.015
366.090,1.023
366.120,1.010
366.150,1.005
366.180,1.012
366.210,0.998
366.240,0.974
366.270,0.994
366.300,0.984
366.330,0.996
366.360,1.010
366.390,0.997
366.420,0.987
366.450,1.011
366.480,1.004
366.510,0.995
366.540,0.990
366.570,1.005
366.600,1.000
366.630,1.007
366.660,1.004
366.690,1.011
366.720,1.008
366.750,1.002
366.780,0.994
366.810,1.007
366.840,1.010
366.870,1.013
366.900,1.010
366.930,1.007
366.960,1.009
366.990,1.005
367.020,1.004
367.050,1.004
367.080,1.007
367.110,1.011
367.140,1.004
367.170,1.008
367.200,1.016
367.230,1.008
367.260,0.996
367.290,1.008
367.320,1.007
367.350,1.008
367.380,1.008
367.410,1.000
367.440,1.012
367.470,1.012
367.500,1.000
367.530,1.008
367.560,1.013
367.590,1.003
367.620,1.006
367.650,1.014
367.680,1.015
367.710,1.006
367.740,1.011
367.770,1.008
367.800,1.008
367.830,1.004
367.860,1.008
367.890,1.009
367.920,1.002
367.950,1.012
367.980,1.010
368.010,1.010
368.040,1.003
368.070,1.008
368.100,1.013
368.130,1.007
368.160,1.003
368.190,1.016
368.220,1.007
368.250,1.000
368.280,1.004
368.310,1.011
368.340,1.018
368.370,1.004
368.400,1.008
368.430,1.008
368.460,1.008
368.490,1.021
368.520,1.005
368.550,1.007
368.580,1.009
368.610,1.007
368.640,1.012
368.670,1.009
368.700,1.011
368.730,1.016
368.760,1.008
368.790,1.012
368.820,1.015
368.850,1.010
368.880,1.015
368.910,1.013
368.940,1.005
368.970,1.001
369.000,1.013
369.030,1.010
369.060,1.001
369.090,1.000
369.120,1.005
369.150,1.030
369.180,1.016
369.210,1.026
369.240,1.015
369.270,1.011
369.300,1.008
369.330,0.995
369.360,0.984
369.390,1.005
369.420,0.991
369.450,1.001
369.480,1.003
369.510,1.003
369.540,0.989
369.570,0.991
369.600,0.994
369.630,0.995
369.660,0.999
369.690,0.986
369.720,0.994
369.750,1.002
369.780,1.003
369.810,1.000
369.840,1.004
369.870,0.993
369.900,1.008
369.930,1.000
369.960,1.006
369.990,1.003
370.020,1.000
370.050,1.003
370.080,1.010
370.110,1.008
370.140,1.006
370.170,1.002
370.200,0.999
370.230,0.994
370.260,0.995
370.290,1.008
370.320,1.011
370.350,0.988
370.380,0.990
370.410,0.995
370.440,0.993
370.470,0.981
370.500,0.978
370.530,0.995
370.560,0.990
370.590,0.989
370.620,0.988
370.650,0.992
370.680,0.985
370.710,1.002
370.740,1.008
370.770,0.994
370.800,1.011
370.830,1.015
370.860,1.016
370.890,1.020
370.920,1.003
370.950,0.989
370.980,0.990
371.010,0.993
371.040,0.982
371.070,0.993
371.100,1.009
371.130,1.003
371.160,1.004
371.190,1.005
371.220,1.002
371.250,1.004
371.280,1.015
371.310,0.992
371.340,0.990
371.370,1.004
371.400,1.004
371.430,1.004
371.460,1.003
371.490,1.005
371.520,1.000
371.550,0.996
371.580,0.998
371.610,1.003
371.640,1.012
371.670,1.004
371.700,0.999
371.730,1.002
371.760,0.999
371.790,1.000
371.820,1.000
371.850,1.011
371.880,1.002
371.910,1.002
371.940,1.012
371.970,1.003
372.000,1.000
372.030,1.001
372.060,1.002
372.090,1.011
372.120,0.989
372.150,0.992
372.180,0.999
372.210,0.996
372.240,0.994
372.270,1.006
372.300,1.003
372.330,1.007
372.360,1.000
372.390,1.001
372.420,0.999
372.450,0.995
372.480,0.985
372.510,0.995
372.540,1.018
372.570,1.000
372.600,1.000
372.630,1.020
372.660,1.001
372.690,0.988
372.720,0.989
372.750,1.009
372.780,0.998
372.810,0.979
372.840,0.992
372.870,0.995
372.900,0.991
372.930,0.978
372.960,1.024
372.990,1.017
373.020,0.995
373.050,1.040
373.080,1.015
373.110,0.977
373.140,0.987
373.170,1.005
373.200,0.980
373.230,0.971
373.260,1.002
373.290,1.006
373.320,0.994
373.350,1.020
373.380,1.003
373.410,0.998
373.440,1.009
373.470,1.000
373.500,1.008
373.530,0.999
373.560,0.995
373.590,1.009
373.620,1.034
373.650,0.985
373.680,0.991
373.710,0.989
373.740,0.986
373.770,0.997
373.800,0.990
373.830,0.986
373.860,0.997
373.890,1.009
373.920,1.005
373.950,1.006
373.980,1.003
374.010,0.994
374.040,0.999
374.070,1.012
374.100,1.003
374.130,1.002
374.160,1.006
374.190,1.011
374.220,1.005
374.250,0.994
374.280,1.003
374.310,1.009
374.340,0.995
374.370,0.996
374.400,1.012
374.430,1.003
374.460,0.999
374.490,1.003
374.520,1.006
374.550,1.008
374.580,1.002
374.610,1.001
374.640,1.006
374.670,0.999
374.700,1.004
374.730,1.005
374.760,1.003
374.790,1.007
374.820,1.008
374.850,1.008
374.880,1.000
374.910,1.011
374.940,1.007
374.970,1.004
375.000,1.005
375.030,1.005
375.060,1.006
375.090,1.005
375.120,1.004
375.150,1.006
375.180,1.008
375.210,1.002
375.240,1.008
375.270,1.003
375.300,0.997
375.330,1.002
375.360,1.004
375.390,1.003
375.420,1.008
375.450,1.010
375.480,1.007
375.510,1.008
375.540,1.009
375.570,1.011
375.600,1.008
375.630,1.003
375.660,1.007
375.690,1.003
375.720,1.005
375.750,1.009
375.780,1.001
375.810,1.004
375.840,1.005
375.870,1.008
375.900,1.003
375.930,1.005
375.960,1.010
375.990,1.001
376.020,1.008
376.050,1.005
376.080,1.009
376.110,1.002
376.140,1.005
376.170,1.003
376.200,1.013
376.230,1.010
376.260,1.003
376.290,1.006
376.320,1.002
376.350,1.012
376.380,1.005
376.410,1.003
376.440,1.003
376.470,1.009
376.500,1.007
376.530,0.999
376.560,1.011
376.590,1.016
376.620,1.008
376.650,1.004
376.680,1.010
376.710,1.010
376.740,1.015
376.770,1.004
376.800,1.009
376.830,1.015
376.860,1.006
376.890,1.006
376.920,1.004
376.950,1.013
376.980,1.006
377.010,0.988
377.040,1.009
377.070,1.000
377.100,0.997
377.130,1.011
377.160,1.007
377.190,1.001
377.220,1.016
377.250,0.999
377.280,1.003
377.310,1.017
377.340,1.007
377.370,1.003
377.400,1.015
377.430,1.004
377.460,1.001
377.490,1.013
377.520,1.002
377.550,1.009
377.580,1.011
377.610,1.002
377.640,1.014
377.670,1.009
377.700,1.012
377.730,1.009
377.760,0.998
377.790,1.008
377.820,1.008
377.850,1.014
377.880,1.014
377.910,1.009
377.940,1.004
377.970,1.009
378.000,1.001
378.030,1.003
378.060,1.006
378.090,1.012
378.120,1.017
378.150,1.014
378.180,1.020
378.210,1.007
378.240,1.014
378.270,1.010
378.300,1.003
378.330,1.011
378.360,1.000
378.390,1.006
378.420,1.018
378.450,1.006
378.480,1.013
378.510,1.001
378.540,1.013
378.570,0.998
378.600,0.998
378.630,1.010
378.660,0.998
378.690,1.001
378.720,1.006
378.750,1.001
378.780,0.985
378.810,0.978
378.840,0.985
378.870,0.991
378.900,1.005
378.930,0.974
378.960,0.984
378.990,1.045
379.020,1.004
379.050,0.972
379.080,0.976
379.110,0.978
379.140,0.951
379.170,0.979
379.200,0.992
379.230,0.992
379.260,0.979
379.290,0.984
379.320,0.990
379.350,1.012
379.380,0.995
379.410,0.973
379.440,1.003
379.470,0.998
379.500,0.991
379.530,0.969
379.560,0.978
379.590,1.008
379.620,0.996
379.650,0.982
379.680,0.985
379.710,0.984
379.740,0.975
379.770,1.031
379.800,1.001
379.830,0.978
379.860,1.006
379.890,1.003
379.920,0.980
379.950,0.979
379.980,1.004
380.010,1.008
380.040,1.003
380.070,0.995
380.100,1.005
380.130,0.988
380.160,0.994
380.190,0.980
380.220,0.997
380.250,0.993
380.280,0.985
380.310,0.993
380.340,1.007
380.370,0.991
380.400,0.979
380.430,0.989
380.460,0.992
380.490,0.987
380.520,0.998
380.550,0.986
380.580,0.981
380.610,0.992
380.640,0.992
380.670,0.990
380.700,0.989
380.730,0.990
380.760,0.987
380.790,0.983
380.820,0.989
380.850,0.984
380.880,0.995
380.910,0.991
380.940,0.988
380.970,0.988
381.000,0.982
381.030,0.992
381.060,0.995
381.090,0.985
381.120,0.988
381.150,0.990
381.180,0.988
381.210,0.991
381.240,0.997
381.270,0.980
381.300,0.986
381.330,0.992
381.360,0.986
381.390,0.995
381.420,0.988
381.450,0.991
381.480,0.999
381.510,0.992
381.540,0.985
381.570,0.991
381.600,0.985
381.630,0.989
381.660,0.984
381.690,0.981
381.720,0.985
381.750,0.988
381.780,0.996
381.810,0.987
381.840,0.993
381.870,0.994
381.900,0.992
381.930,0.992
381.960,0.997
381.990,0.986
382.020,0.961
382.050,0.974
382.080,0.996
382.110,0.993
382.140,0.990
382.170,0.987
382.200,0.974
382.230,0.966
382.260,0.984
382.290,0.975
382.320,0.962
382.350,0.943
382.380,0.949
382.410,0.933
382.440,0.939
382.470,0.966
382.500,0.977
382.530,0.978
382.560,0.999
382.590,1.024
382.620,1.041
382.650,1.031
382.680,1.019
382.710,1.017
382.740,1.013
382.770,1.018
382.800,0.998
382.830,1.007
382.860,1.006
382.890,1.008
382.920,1.010
382.950,1.011
382.980,0.998
383.010,0.991
383.040,0.986
383.070,0.985
383.100,0.991
383.130,0.991
383.160,0.991
383.190,0.999
383.220,0.989
383.250,0.992
383.280,0.993
383.310,0.989
383.340,0.996
383.370,0.988
383.400,0.991
383.430,0.987
383.460,0.992
383.490,0.989
383.520,0.982
383.550,0.984
383.580,0.986
383.610,0.980
383.640,0.991
383.670,0.992
383.700,0.982
383.730,0.981
383.760,0.987
383.790,0.988
383.820,0.974
383.850,0.987
383.880,0.990
383.910,0.975
383.940,0.972
383.970,0.978
384.000,0.995
384.030,0.980
384.060,0.992
384.090,0.981
384.120,0.982
384.150,0.999
384.180,0.992
384.210,0.985
384.240,0.990
384.270,0.984
384.300,0.977
384.330,0.981
384.360,0.984
384.390,0.979
384.420,0.989
384.450,0.985
384.480,0.995
384.510,0.997
384.540,0.987
384.570,0.981
384.600,0.985
384.630,0.986
384.660,0.990
384.690,0.991
384.720,0.996
384.750,0.984
384.780,0.986
384.810,0.994
384.840,0.990
384.870,1.002
384.900,0.986
384.930,0.990
384.960,0.979
384.990,0.984
385.020,0.971
385.050,0.980
385.080,0.985
385.110,0.987
385.140,0.992
385.170,0.997
385.200,0.986
385.230,0.980
385.260,0.979
385.290,0.989
385.320,0.989
385.350,0.988
385.380,0.989
385.410,0.989
385.440,0.991
385.470,0.983
385.500,0.988
385.530,0.987
385.560,0.980
385.590,0.980
385.620,0.987
385.650,0.991
385.680,0.991
385.710,0.990
385.740,0.987
385.770,0.987
385.800,0.982
385.830,0.978
385.860,0.990
385.890,1.000
385.920,0.985
385.950,0.994
385.980,0.989
386.010,0.978
386.040,0.991
386.070,0.995
386.100,0.988
386.130,0.992
386.160,0.996
386.190,0.991
386.220,0.982
386.250,1.000
386.280,0.999
386.310,0.999
386.340,0.991
386.370,0.997
386.400,0.996
386.430,0.984
386.460,0.962
386.490,0.993
386.520,1.020
386.550,1.016
386.580,0.998
386.610,1.008
386.640,1.000
386.670,0.986
386.700,0.973
386.730,0.980
386.760,0.987
386.790,0.975
386.820,0.978
386.850,0.999
386.880,0.991
386.910,0.979
386.940,0.992
386.970,1.025
387.000,0.961
387.030,0.966
387.060,1.000
387.090,0.992
387.120,0.982
387.150,1.000
387.180,0.991
387.210,0.982
387.240,1.017
387.270,0.979
387.300,0.975
387.330,0.968
387.360,0.969
387.390,0.998
387.420,0.954
387.450,1.004
387.480,0.982
387.510,0.974
387.540,0.983
387.570,0.994
387.600,0.979
387.630,0.976
387.660,0.973
387.690,0.970
387.720,0.959
387.750,0.979
387.780,1.003
387.810,1.021
387.840,0.997
387.870,0.989
387.900,0.983
387.930,0.985
387.960,0.998
387.990,0.995
388.020,0.989
388.050,0.990
388.080,0.983
388.110,0.971
388.140,0.983
388.170,0.987
388.200,0.984
388.230,0.997
388.260,0.984
388.290,0.981
388.320,0.983
388.350,0.978
388.380,0.980
388.410,0.987
388.440,0.974
388.470,0.981
388.500,0.974
388.530,0.979
388.560,0.979
388.590,0.985
388.620,0.986
388.650,0.977
388.680,0.979
388.710,0.990
388.740,0.987
388.770,0.981
388.800,0.985
388.830,0.986
388.860,0.986
388.890,0.979
388.920,0.985
388.950,0.988
388.980,0.982
389.010,0.980
389.040,0.985
389.070,0.983
389.100,0.989
389.130,0.987
389.160,0.986
389.190,0.982
389.220,0.985
389.250,0.987
389.280,0.984
389.310,0.982
389.340,0.987
389.370,0.987
389.400,0.978
389.430,0.979
389.460,0.981
389.490,0.986
389.520,0.986
389.550,0.984
389.580,0.979
389.610,0.986
389.640,0.990
389.670,0.986
389.700,0.976
389.730,0.991
389.760,0.989
389.790,0.979
389.820,0.983
389.850,0.982
389.880,0.988
389.910,0.988
389.940,0.977
389.970,0.990
390.000,0.990
390.030,0.981
390.060,0.982
390.090,0.988
390.120,0.986
390.150,0.986
390.180,0.982
390.210,0.989
390.240,0.983
390.270,0.990
390.300,0.987
390.330,0.991
390.360,0.985
390.390,0.989
390.420,0.981
390.450,0.980
390.480,0.984
390.510,0.987
390.540,0.983
390.570,0.985
390.600,0.985
390.630,0.989
390.660,0.980
390.690,0.977
390.720,0.992
390.750,0.994
390.780,0.993
390.810,0.995
390.840,0.987
390.870,0.980
390.900,0.984
390.930,0.979
390.960,0.983
390.990,0.986
391.020,0.988
391.050,0.986
391.080,0.982
391.110,0.979
391.140,0.980
391.170,0.991
391.200,0.990
391.230,0.979
391.260,0.985
391.290,0.988
391.320,0.978
391.350,0.985
391.380,0.987
391.410,0.983
391.440,0.988
391.470,0.989
391.500,0.985
391.530,0.980
391.560,0.980
391.590,0.984
391.620,0.984
391.650,0.986
391.680,0.993
391.710,0.986
391.740,0.984
391.770,0.981
391.800,0.988
391.830,0.989
391.860,0.983
391.890,0.982
391.920,0.988
391.950,0.988
391.980,0.980
392.010,0.983
392.040,0.993
392.070,0.989
392.100,0.982
392.130,0.990
392.160,0.989
392.190,0.986
392.220,0.990
392.250,0.987
392.280,0.992
392.310,0.983
392.340,0.999
392.370,0.982
392.400,0.973
392.430,0.975
392.460,0.992
392.490,1.001
392.520,0.996
392.550,0.986
392.580,0.993
392.610,0.988
392.640,0.980
392.670,0.986
392.700,0.985
392.730,0.980
392.760,0.990
392.790,0.989
392.820,0.986
392.850,0.993
392.880,0.987
392.910,0.989
392.940,0.981
392.970,0.987
393.000,0.996
393.030,0.990
393.060,0.977
393.090,0.987
393.120,0.984
393.150,0.993
393.180,0.979
393.210,0.972
393.240,0.990
393.270,0.984
393.300,0.993
393.330,0.987
393.360,0.991
393.390,0.993
393.420,0.989
393.450,0.992
393.480,0.982
393.510,0.982
393.540,0.987
393.570,0.989
393.600,0.986
393.630,0.999
393.660,0.987
393.690,0.987
393.720,0.991
393.750,0.992
393.780,0.990
393.810,0.981
393.840,0.982
393.870,0.998
393.900,0.989
393.930,0.986
393.960,0.987
393.990,0.980
394.020,0.991
394.050,0.991
394.080,0.979
394.110,0.994
394.140,0.988
394.170,0.978
394.200,0.986
394.230,0.993
394.260,0.988
394.290,0.986
394.320,0.991
394.350,0.983
394.380,0.990
394.410,0.993
394.440,0.995
394.470,0.982
394.500,0.992
394.530,1.002
394.560,0.990
394.590,0.990
394.620,0.990
394.650,1.013
394.680,1.015
394.710,0.989
394.740,0.969
394.770,0.992
394.800,0.988
394.830,0.993
394.860,0.982
394.890,0.987
394.920,0.985
394.950,0.977
394.980,0.985
395.010,0.965
395.040,0.963
395.070,0.967
395.100,0.993
395.130,1.014
395.160,0.988
395.190,0.980
395.220,0.983
395.250,0.984
395.280,0.970
395.310,0.965
395.340,0.973
395.370,0.980
395.400,0.976
395.430,0.985
395.460,0.979
395.490,0.990
395.520,1.012
395.550,1.003
395.580,0.988
395.610,0.995
395.640,1.010
395.670,1.005
395.700,0.985
395.730,0.997
395.760,0.989
395.790,0.987
395.820,0.998
395.850,0.997
395.880,0.992
395.910,0.998
395.940,0.999
395.970,0.996
396.000,0.991
396.030,0.994
396.060,0.992
396.090,0.988
396.120,1.001
396.150,0.999
396.180,0.997
396.210,0.989
396.240,0.995
396.270,1.002
396.300,0.988
396.330,0.992
396.360,1.002
396.390,0.999
396.420,1.000
396.450,1.014
396.480,1.017
396.510,0.997
396.540,0.989
396.570,0.987
396.600,0.996
396.630,0.990
396.660,0.986
396.690,1.006
396.720,0.991
396.750,0.998
396.780,1.012
396.810,1.004
396.840,0.992
396.870,1.004
396.900,1.005
396.930,0.997
396.960,0.987
396.990,0.997
397.020,1.010
397.050,1.000
397.080,0.985
397.110,0.991
397.140,0.998
397.170,0.998
397.200,0.997
397.230,0.986
397.260,0.998
397.290,1.020
397.320,1.000
397.350,0.994
397.380,0.998
397.410,1.008
397.440,0.988
397.470,1.004
397.500,1.007
397.530,0.987
397.560,0.996
397.590,1.006
397.620,1.018
397.650,1.003
397.680,0.999
397.710,0.996
397.740,0.998
397.770,1.002
397.800,1.012
397.830,0.995
397.860,0.996
397.890,1.006
397.920,1.008
397.950,1.002
397.980,0.998
398.010,1.001
398.040,1.006
398.070,1.000
398.100,1.001
398.130,1.001
398.160,1.000
398.190,1.011
398.220,1.001
398.250,1.001
398.280,1.001
398.310,0.998
398.340,1.004
398.370,1.004
398.400,1.002
398.430,1.011
398.460,1.000
398.490,0.996
398.520,0.995
398.550,0.998
398.580,1.005
398.610,1.012
398.640,1.011
398.670,1.000
398.700,0.987
398.730,1.006
398.760,1.006
398.790,0.999
398.820,0.995
398.850,0.996
398.880,1.029
398.910,1.013
398.940,1.015
398.970,1.015
399.000,1.037
399.030,0.998
399.060,0.982
399.090,1.008
399.120,0.983
399.150,1.014
399.180,1.026
399.210,1.005
399.240,1.006
399.270,0.972
399.300,0.957
399.330,1.006
399.360,1.013
399.390,1.043
399.420,1.006
399.450,0.959
399.480,0.979
399.510,0.967
399.540,1.016
399.570,1.031
399.600,1.017
399.630,0.989
399.660,0.950
399.690,0.953
399.720,0.973
399.750,0.982
399.780,0.982
399.810,0.967
399.840,0.969
399.870,0.965
399.900,0.896
399.930,0.979
399.960,0.986
399.990,0.999
400.020,0.972
400.050,0.982
400.080,0.979
400.110,0.988
400.140,1.018
400.170,1.004
400.200,0.961
400.230,0.950
400.260,0.968
400.290,0.956
400.320,0.938
400.350,0.960
400.380,0.979
400.410,0.987
400.440,1.016
400.470,1.040
400.500,1.020
400.530,1.016
400.560,1.018
400.590,1.021
400.620,1.009
400.650,1.004
400.680,1.013
400.710,1.003
400.740,1.023
400.770,1.008
400.800,1.005
400.830,1.012
400.860,1.004
400.890,1.020
400.920,1.027
400.950,1.022
400.980,1.025
401.010,1.037
401.040,1.033
401.070,1.008
401.100,0.979
401.130,0.978
401.160,0.976
401.190,0.942
401.220,0.868
401.250,0.991
401.280,1.017
401.310,1.022
401.340,1.030
401.370,1.028
401.400,1.051
401.430,1.044
401.460,1.022
401.490,1.014
401.520,0.961
401.550,0.976
401.580,0.985
401.610,0.991
401.640,0.993
401.670,1.029
401.700,1.024
401.730,1.012
401.760,1.009
401.790,1.003
401.820,0.996
401.850,1.002
401.880,1.020
401.910,1.010
401.940,1.000
401.970,1.012
402.000,0.995
402.030,1.011
402.060,1.008
402.090,0.990
402.120,0.993
402.150,1.008
402.180,0.994
402.210,0.990
402.240,0.988
402.270,1.001
402.300,1.003
402.330,0.988
402.360,0.995
402.390,0.999
402.420,0.998
402.450,1.001
402.480,0.998
402.510,1.009
402.540,1.005
402.570,0.990
402.600,0.993
402.630,0.993
402.660,0.994
402.690,0.995
402.720,0.995
402.750,0.996
402.780,0.997
402.810,1.006
402.840,1.014
402.870,1.011
402.900,1.010
402.930,1.009
402.960,1.011
402.990,1.007
403.020,1.006
403.050,1.001
403.080,0.997
403.110,1.002
403.140,1.008
403.170,0.999
403.200,0.998
403.230,1.008
403.260,1.002
403.290,1.012
403.320,1.011
403.350,1.009
403.380,1.003
403.410,1.004
403.440,1.014
403.470,1.005
403.500,0.998
403.530,1.007
403.560,1.013
403.590,1.003
403.620,1.007
403.650,1.007
403.680,1.007
403.710,1.004
403.740,1.016
403.770,1.011
403.800,1.006
403.830,1.011
403.860,1.008
403.890,1.010
403.920,1.011
403.950,1.004
403.980,0.996
404.010,0.996
404.040,0.993
404.070,0.990
404.100,0.997
404.130,0.960
404.160,0.965
404.190,0.966
404.220,0.976
404.250,0.975
404.280,0.985
404.310,1.009
404.340,0.995
404.370,0.975
404.400,0.985
404.430,0.975
404.460,0.970
404.490,0.967
404.520,0.964
404.550,0.958
404.580,0.962
404.610,0.972
404.640,0.964
404.670,0.971
404.700,0.966
404.730,0.929
404.760,0.941
404.790,0.975
404.820,0.949
404.850,0.918
404.880,1.008
404.910,0.990
404.940,0.982
404.970,1.040
405.000,1.030
405.030,1.087
405.060,0.988
405.090,1.035
405.120,0.980
405.150,1.012
405.180,1.013
405.210,1.021
405.240,1.001
405.270,1.021
405.300,1.008
405.330,0.967
405.360,0.951
405.390,0.947
405.420,0.941
405.450,0.976
405.480,0.993
405.510,0.990
405.540,0.976
405.570,0.968
405.600,0.990
405.630,0.986
405.660,0.961
405.690,1.048
405.720,0.993
405.750,0.966
405.780,0.954
405.810,0.966
405.840,0.956
405.870,0.979
405.900,0.998
405.930,0.992
405.960,0.968
405.990,0.930
406.020,0.921
406.050,0.947
406.080,0.966
406.110,0.992
406.140,1.001
406.170,1.038
406.200,1.074
406.230,1.059
406.260,0.989
406.290,0.971
406.320,0.917
406.350,0.938
406.380,0.957
406.410,0.974
406.440,0.951
406.470,1.011
406.500,0.978
406.530,0.949
406.560,0.966
406.590,0.916
406.620,0.951
406.650,0.980
406.680,0.970
406.710,0.967
406.740,1.001
406.770,1.026
406.800,0.991
406.830,0.989
406.860,0.973
406.890,0.973
406.920,0.986
406.950,0.979
406.980,0.952
407.010,0.945
407.040,0.929
407.070,0.937
407.100,0.956
407.130,0.976
407.160,0.994
407.190,1.002
407.220,1.006
407.250,1.003
407.280,0.962
407.310,0.927
407.340,0.945
407.370,0.935
407.400,0.960
407.430,0.957
407.460,0.964
407.490,1.005
407.520,0.994
407.550,0.937
407.580,0.961
407.610,0.969
407.640,0.949
407.670,0.946
407.700,0.957
407.730,0.954
407.760,0.962
407.790,0.979
407.820,0.977
407.850,0.959
407.880,0.987
407.910,0.981
407.940,0.958
407.970,0.965
408.000,0.977
408.030,0.986
408.060,0.980
408.090,0.972
408.120,0.979
408.150,0.978
408.180,0.967
408.210,0.979
408.240,0.972
408.270,0.975
408.300,0.974
408.330,0.973
408.360,0.969
408.390,0.964
408.420,0.958
408.450,0.961
408.480,0.964
408.510,0.961
408.540,0.962
408.570,0.971
408.600,0.970
408.630,0.978
408.660,0.980
408.690,0.975
408.720,0.974
408.750,0.983
408.780,0.982
408.810,0.969
408.840,0.986
408.870,0.990
408.900,0.989
408.930,0.990
408.960,0.984
408.990,0.982
409.020,0.987
409.050,0.985
409.080,0.984
409.110,0.993
409.140,0.979
409.170,0.972
409.200,1.000
409.230,1.002
409.260,0.966
409.290,0.960
409.320,0.964
409.350,0.965
409.380,0.975
409.410,0.994
409.440,0.955
409.470,1.001
409.500,0.987
409.530,0.958
409.560,0.943
409.590,0.943
409.620,0.989
409.650,0.985
409.680,0.994
409.710,0.884
409.740,0.871
409.770,0.966
409.800,0.959
409.830,1.009
409.860,1.003
409.890,0.969
409.920,0.959
409.950,0.984
409.980,0.975
410.010,0.971
410.040,0.971
410.070,1.001
410.100,0.993
410.130,0.983
410.160,0.993
410.190,0.977
410.220,0.971
410.250,0.963
410.280,0.965
410.310,0.967
410.340,0.951
410.370,0.957
410.400,0.943
410.430,0.948
410.460,0.965
410.490,0.977
410.520,0.994
410.550,0.984
410.580,0.992
410.610,0.975
410.640,0.975
410.670,0.957
410.700,0.959
410.730,0.965
410.760,0.965
410.790,0.973
410.820,0.994
410.850,0.983
410.880,1.002
410.910,0.996
410.940,0.998
410.970,0.965
411.000,0.975
411.030,0.963
411.060,0.939
411.090,0.951
411.120,0.947
411.150,0.955
411.180,0.944
411.210,0.959
411.240,0.975
411.270,0.958
411.300,0.965
411.330,0.973
411.360,0.973
411.390,0.981
411.420,0.967
411.450,0.967
411.480,0.971
411.510,0.963
411.540,0.955
411.570,0.963
411.600,0.969
411.630,0.967
411.660,0.967
411.690,0.969
411.720,0.977
411.750,0.953
411.780,0.968
411.810,0.950
411.840,0.949
411.870,0.934
411.900,0.984
411.930,1.021
411.960,0.995
411.990,0.969
412.020,0.976
412.050,1.006
412.080,0.971
412.110,0.980
412.140,0.952
412.170,0.946
412.200,0.959
412.230,0.941
412.260,0.969
412.290,0.949
412.320,0.975
412.350,0.954
412.380,0.984
412.410,0.975
412.440,0.963
412.470,0.965
412.500,0.980
412.530,0.977
412.560,0.981
412.590,0.969
412.620,0.979
412.650,1.020
412.680,0.999
412.710,1.005
412.740,1.001
412.770,0.981
412.800,0.990
412.830,0.972
412.860,0.962
412.890,0.964
412.920,0.951
412.950,0.953
412.980,0.961
413.010,0.960
413.040,0.955
413.070,0.955
413.100,0.959
413.130,0.970
413.160,0.987
413.190,0.981
413.220,0.971
413.250,0.979
413.280,0.978
413.310,0.983
413.340,0.963
413.370,0.944
413.400,0.935
413.430,0.938
413.460,0.947
413.490,0.963
413.520,0.984
413.550,0.997
413.580,1.005
413.610,1.005
413.640,1.009
413.670,1.003
413.700,0.995
413.730,0.974
413.760,0.973
413.790,0.988
413.820,0.966
413.850,0.966
413.880,0.957
413.910,0.951
413.940,0.954
413.970,0.975
414.000,0.968
414.030,0.975
414.060,0.968
414.090,0.972
414.120,0.964
414.150,0.950
414.180,0.956
414.210,0.975
414.240,0.974
414.270,0.981
414.300,0.977
414.330,0.961
414.360,0.958
414.390,0.956
414.420,0.949
414.450,0.966
414.480,0.980
414.510,0.979
414.540,0.963
414.570,0.942
414.600,0.927
414.630,0.932
414.660,1.000
414.690,0.950
414.720,0.996
414.750,0.995
414.780,0.987
414.810,0.974
414.840,0.977
414.870,0.958
414.900,0.956
414.930,0.965
414.960,0.954
414.990,0.960
415.020,0.971
415.050,0.977
415.080,0.985
415.110,0.982
415.140,0.947
415.170,0.972
415.200,0.964
415.230,0.979
415.260,0.961
415.290,0.954
415.320,0.954
415.350,0.942
415.380,0.968
415.410,0.969
415.440,0.970
415.470,0.967
415.500,0.973
415.530,0.955
415.560,0.963
415.590,0.971
415.620,0.974
415.650,0.977
415.680,0.979
415.710,0.973
415.740,0.951
415.770,0.945
415.800,0.939
415.830,0.947
415.860,0.966
415.890,0.981
415.920,0.980
415.950,0.971
415.980,0.981
416.010,0.969
416.040,0.970
416.070,0.967
416.100,0.971
416.130,0.966
416.160,0.978
416.190,0.982
416.220,0.994
416.250,0.989
416.280,0.981
416.310,0.987
416.340,0.976
416.370,0.984
416.400,0.959
416.430,0.970
416.460,0.973
416.490,0.950
416.520,0.929
416.550,0.922
416.580,0.921
416.610,0.928
416.640,0.920
416.670,0.933
416.700,0.946
416.730,0.973
416.760,0.989
416.790,1.005
416.820,1.001
416.850,1.005
416.880,0.992
416.910,0.974
416.940,0.969
416.970,0.969
417.000,0.972
417.030,0.980
417.060,0.987
417.090,0.998
417.120,0.988
417.150,0.984
417.180,0.970
417.210,0.967
417.240,0.950
417.270,0.956
417.300,0.956
417.330,0.966
417.360,0.978
417.390,0.981
417.420,0.981
417.450,0.960
417.480,0.968
417.510,0.964
417.540,0.968
417.570,0.973
417.600,0.972
417.630,0.958
417.660,0.988
417.690,0.988
417.720,0.982
417.750,0.980
417.780,0.965
417.810,0.951
417.840,0.945
417.870,0.963
417.900,0.958
417.930,0.959
417.960,0.996
417.990,0.998
418.020,0.974
418.050,0.986
418.080,0.996
418.110,0.996
418.140,0.989
418.170,0.968
418.200,0.969
418.230,0.975
418.260,0.973
418.290,0.976
418.320,0.963
418.350,0.998
418.380,0.981
418.410,0.965
418.440,0.953
418.470,0.933
418.500,0.954
418.530,0.946
418.560,0.931
418.590,0.955
418.620,0.986
418.650,0.989
418.680,1.017
418.710,1.074
418.740,1.018
418.770,0.978
418.800,0.976
418.830,0.950
418.860,0.953
418.890,0.959
418.920,0.959
418.950,0.959
418.980,0.983
419.010,1.015
419.040,1.004
419.070,0.990
419.100,1.002
419.130,0.993
419.160,0.995
419.190,0.981
419.220,0.969
419.250,0.966
419.280,0.946
419.310,0.946
419.340,0.962
419.370,0.953
419.400,0.974
419.430,0.969
419.460,0.942
419.490,0.907
419.520,0.959
419.550,0.917
419.580,0.907
419.610,0.979
419.640,0.972
419.670,0.949
419.700,0.941
419.730,0.970
419.760,0.956
419.790,0.940
419.820,0.942
419.850,0.943
419.880,0.936
419.910,0.952
419.940,0.986
419.970,1.007
420.000,1.018
420.030,1.019
420.060,1.035
420.090,1.025
420.120,0.997
420.150,0.983
420.180,0.997
420.210,1.002
420.240,0.994
420.270,0.979
420.300,0.979
420.330,0.924
420.360,0.960
420.390,0.955
420.420,0.951
420.450,0.976
420.480,1.001
420.510,1.000
420.540,0.982
420.570,0.983
420.600,0.997
420.630,0.934
420.660,0.941
420.690,0.956
420.720,0.956
420.750,0.962
420.780,0.965
420.810,0.960
420.840,0.977
420.870,0.968
420.900,1.003
420.930,0.961
420.960,0.960
420.990,0.964
421.020,0.965
421.050,0.969
421.080,1.010
421.110,0.964
421.140,0.994
421.170,0.989
421.200,0.961
421.230,0.957
421.260,0.962
421.290,0.965
421.320,0.960
421.350,0.967
421.380,0.973
421.410,0.975
421.440,0.971
421.470,0.975
421.500,0.972
421.530,0.961
421.560,0.963
421.590,0.967
421.620,0.979
421.650,0.985
421.680,0.973
421.710,0.966
421.740,0.964
421.770,0.968
421.800,0.971
421.830,0.970
421.860,0.970
421.890,0.976
421.920,0.974
421.950,0.975
421.980,0.970
422.010,0.976
422.040,0.974
422.070,0.968
422.100,0.964
422.130,0.962
422.160,0.971
422.190,0.979
422.220,0.976
422.250,0.978
422.280,0.980
422.310,0.981
422.340,0.973
422.370,0.974
422.400,0.979
422.430,0.964
422.460,0.975
422.490,0.953
422.520,0.987
422.550,0.985
422.580,0.971
422.610,0.973
422.640,0.964
422.670,0.955
422.700,0.975
422.730,0.980
422.760,0.976
422.790,0.979
422.820,0.968
422.850,0.905
422.880,0.936
422.910,0.975
422.940,0.977
422.970,1.051
423.000,0.982
423.030,0.985
423.060,0.958
423.090,0.978
423.120,0.969
423.150,1.016
423.180,0.961
423.210,0.947
423.240,0.935
423.270,0.917
423.300,0.925
423.330,0.994
423.360,1.064
423.390,1.023
423.420,0.997
423.450,0.989
423.480,0.908
423.510,0.922
423.540,0.957
423.570,0.997
423.600,1.005
423.630,1.008
423.660,0.993
423.690,0.986
423.720,0.971
423.750,0.950
423.780,0.968
423.810,0.971
423.840,0.965
423.870,0.958
423.900,0.964
423.930,0.971
423.960,0.967
423.990,0.969
424.020,0.964
424.050,0.962
424.080,0.968
424.110,0.974
424.140,0.971
424.170,0.978
424.200,0.974
424.230,0.974
424.260,0.977
424.290,0.974
424.320,0.985
424.350,0.974
424.380,0.977
424.410,0.981
424.440,0.984
424.470,0.976
424.500,0.979
424.530,0.968
424.560,0.970
424.590,0.970
424.620,0.971
424.650,0.984
424.680,0.982
424.710,0.969
424.740,0.965
424.770,0.966
424.800,0.965
424.830,0.964
424.860,0.963
424.890,0.958
424.920,0.962
424.950,0.969
424.980,0.980
425.010,0.986
425.040,0.978
425.070,0.976
425.100,0.969
425.130,0.971
425.160,0.975
425.190,0.970
425.220,0.970
425.250,0.973
425.280,0.971
425.310,0.975
425.340,0.983
425.370,0.980
425.400,0.978
425.430,0.966
425.460,0.963
425.490,0.967
425.520,0.973
425.550,0.971
425.580,0.975
425.610,0.970
425.640,0.965
425.670,0.977
425.700,0.972
425.730,0.982
425.760,1.007
425.790,0.985
425.820,0.988
425.850,0.994
425.880,0.984
425.910,0.970
425.940,0.967
425.970,0.969
426.000,0.958
426.030,0.961
426.060,0.975
426.090,0.970
426.120,0.962
426.150,0.968
426.180,0.988
426.210,0.972
426.240,0.971
426.270,0.968
426.300,0.964
426.330,0.944
426.360,0.958
426.390,0.972
426.420,0.972
426.450,0.961
426.480,0.986
426.510,1.000
426.540,0.988
426.570,0.988
426.600,0.993
426.630,0.977
426.660,0.965
426.690,0.966
426.720,0.972
426.750,0.958
426.780,0.958
426.810,0.968
426.840,0.966
426.870,0.961
426.900,0.958
426.930,0.960
426.960,0.977
426.990,0.968
427.020,0.968
427.050,0.979
427.080,0.980
427.110,0.959
427.140,0.954
427.170,0.988
427.200,0.983
427.230,0.953
427.260,0.971
427.290,0.986
427.320,0.962
427.350,0.972
427.380,0.962
427.410,0.974
427.440,0.973
427.470,0.975
427.500,0.961
427.530,0.975
427.560,0.978
427.590,0.974
427.620,0.985
427.650,0.963
427.680,0.967
427.710,0.970
427.740,0.965
427.770,0.964
427.800,0.975
427.830,0.966
427.860,0.973
427.890,0.978
427.920,0.989
427.950,0.968
427.980,0.974
428.010,0.963
428.040,0.970
428.070,0.975
428.100,0.971
428.130,0.966
428.160,0.974
428.190,0.966
428.220,0.966
428.250,0.972
428.280,0.974
428.310,0.963
428.340,0.969
428.370,0.971
428.400,0.967
428.430,0.969
428.460,0.982
428.490,0.986
428.520,0.981
428.550,0.995
428.580,0.996
428.610,0.992
428.640,0.989
428.670,0.987
428.700,0.998
428.730,0.993
428.760,0.977
428.790,0.978
428.820,0.992
428.850,0.971
428.880,0.981
428.910,0.990
428.940,0.982
428.970,0.980
429.000,0.978
429.030,0.983
429.060,0.983
429.090,0.983
429.120,0.991
429.150,0.982
429.180,0.975
429.210,0.979
429.240,0.975
429.270,0.979
429.300,0.972
429.330,0.977
429.360,0.980
429.390,0.958
429.420,0.954
429.450,0.953
429.480,0.936
429.510,0.978
429.540,0.942
429.570,0.938
429.600,0.973
429.630,0.984
429.660,0.948
429.690,0.982
429.720,1.021
429.750,0.972
429.780,0.989
429.810,1.016
429.840,1.006
429.870,0.996
429.900,0.976
429.930,0.949
429.960,0.932
429.990,0.917
430.020,0.911
430.050,0.914
430.080,0.940
430.110,0.964
430.140,0.969
430.170,0.968
430.200,0.990
430.230,1.021
430.260,1.038
430.290,1.044
430.320,0.902
430.350,0.953
430.380,1.033
430.410,1.002
430.440,0.940
430.470,0.954
430.500,0.994
430.530,0.942
430.560,0.939
430.590,0.978
430.620,0.989
430.650,0.967
430.680,0.992
430.710,1.016
430.740,0.990
430.770,0.980
430.800,0.993
430.830,0.966
430.860,0.954
430.890,0.960
430.920,0.963
430.950,0.971
430.980,0.996
431.010,1.002
431.040,1.004
431.070,1.008
431.100,0.991
431.130,0.974
431.160,0.969
431.190,0.964
431.220,0.980
431.250,0.995
431.280,0.973
431.310,0.952
431.340,0.949
431.370,0.961
431.400,0.967
431.430,0.951
431.460,0.943
431.490,0.955
431.520,0.958
431.550,0.972
431.580,0.981
431.610,0.991
431.640,0.971
431.670,0.954
431.700,0.961
431.730,0.955
431.760,0.958
431.790,0.958
431.820,0.979
431.850,0.978
431.880,0.954
431.910,0.953
431.940,0.965
431.970,0.979
432.000,0.968
432.030,0.971
432.060,0.988
432.090,0.984
432.120,0.973
432.150,0.968
432.180,0.959
432.210,0.957
432.240,0.962
432.270,0.973
432.300,0.980
432.330,0.982
432.360,0.984
432.390,0.979
432.420,0.973
432.450,0.964
432.480,0.965
432.510,0.971
432.540,0.979
432.570,0.982
432.600,0.979
432.630,0.981
432.660,0.971
432.690,0.963
432.720,0.964
432.750,0.973
432.780,0.979
432.810,0.983
432.840,0.990
432.870,0.991
432.900,0.990
432.930,0.982
432.960,0.986
432.990,0.990
433.020,0.987
433.050,0.992
433.080,0.990
433.110,0.981
433.140,0.978
433.170,0.979
433.200,0.970
433.230,0.966
433.260,0.978
433.290,0.962
433.320,0.960
433.350,0.966
433.380,0.964
433.410,0.972
433.440,0.973
433.470,0.978
433.500,0.985
433.530,0.979
433.560,0.984
433.590,0.969
433.620,0.980
433.650,0.983
433.680,0.983
433.710,0.981
433.740,0.973
433.770,0.976
433.800,0.973
433.830,0.971
433.860,0.972
433.890,0.988
433.920,0.975
433.950,0.982
433.980,0.973
434.010,0.977
434.040,0.979
434.070,0.980
434.100,0.982
434.130,0.975
434.160,0.983
434.190,0.977
434.220,0.977
434.250,0.980
434.280,0.982
434.310,0.971
434.340,0.979
434.370,0.977
434.400,0.973
434.430,0.978
434.460,0.983
434.490,0.974
434.520,0.987
434.550,0.975
434.580,0.975
434.610,0.979
434.640,0.971
434.670,0.973
434.700,0.974
434.730,0.976
434.760,0.979
434.790,0.977
434.820,0.981
434.850,0.977
434.880,0.975
434.910,0.986
434.940,0.978
434.970,0.978
435.000,0.977
435.030,0.978
435.060,0.966
435.090,0.978
435.120,0.981
435.150,0.973
435.180,0.983
435.210,0.979
435.240,0.973
435.270,0.976
435.300,0.975
435.330,0.977
435.360,0.983
435.390,0.971
435.420,0.984
435.450,0.986
435.480,0.979
435.510,0.982
435.540,0.985
435.570,0.976
435.600,0.983
435.630,0.981
435.660,0.971
435.690,0.966
435.720,0.965
435.750,0.972
435.780,0.974
435.810,0.979
435.840,0.979
435.870,0.981
435.900,0.972
435.930,0.974
435.960,0.981
435.990,0.974
436.020,0.979
436.050,0.977
436.080,0.971
436.110,0.971
436.140,0.969
436.170,0.984
436.200,0.990
436.230,0.987
436.260,0.972
436.290,0.964
436.320,0.977
436.350,0.972
436.380,0.973
436.410,0.977
436.440,0.968
436.470,0.964
436.500,0.972
436.530,0.970
436.560,0.969
436.590,0.971
436.620,0.977
436.650,0.973
436.680,0.971
436.710,0.978
436.740,0.979
436.770,0.985
436.800,0.983
436.830,0.977
436.860,0.975
436.890,0.976
436.920,0.975
436.950,0.975
436.980,0.975
437.010,0.981
437.040,0.970
437.070,0.965
437.100,0.973
437.130,0.973
437.160,0.973
437.190,0.981
437.220,0.986
437.250,0.970
437.280,0.972
437.310,0.974
437.340,0.970
437.370,0.980
437.400,0.985
437.430,0.968
437.460,0.978
437.490,0.999
437.520,0.976
437.550,0.961
437.580,0.980
437.610,0.985
437.640,0.971
437.670,0.962
437.700,0.964
437.730,0.974
437.760,0.989
437.790,0.963
437.820,0.974
437.850,0.985
437.880,0.988
437.910,0.956
437.940,0.978
437.970,0.990
438.000,0.981
438.030,0.993
438.060,0.986
438.090,0.992
438.120,0.985
438.150,0.981
438.180,0.984
438.210,1.005
438.240,0.975
438.270,0.976
438.300,1.021
438.330,1.004
438.360,0.993
438.390,0.995
438.420,0.971
438.450,0.980
438.480,0.980
438.510,0.989
438.540,0.982
438.570,0.963
438.600,0.984
438.630,0.977
438.660,0.964
438.690,0.972
438.720,0.974
438.750,0.994
438.780,0.998
438.810,1.027
438.840,1.055
438.870,1.060
438.900,1.047
438.930,1.040
438.960,1.039
438.990,1.009
439.020,1.019
439.050,1.000
439.080,0.989
439.110,0.976
439.140,0.974
439.170,0.975
439.200,0.958
439.230,0.944
439.260,0.938
439.290,0.937
439.320,0.939
439.350,0.939
439.380,0.941
439.410,0.955
439.440,0.972
439.470,0.966
439.500,0.979
439.530,1.000
439.560,1.025
439.590,1.039
439.620,1.062
439.650,1.081
439.680,1.030
439.710,0.984
439.740,1.028
439.770,1.016
439.800,0.992
439.830,1.001
439.860,1.007
439.890,1.010
439.920,0.997
439.950,1.011
439.980,0.993
440.010,0.980
440.040,0.999
440.070,0.984
440.100,0.970
440.130,0.989
440.160,0.987
440.190,0.980
440.220,0.984
440.250,0.993
440.280,0.997
440.310,0.963
440.340,0.967
440.370,0.952
440.400,0.955
440.430,0.964
440.460,0.948
440.490,0.939
440.520,0.964
440.550,0.974
440.580,0.967
440.610,0.991
440.640,1.001
440.670,1.000
440.700,0.991
440.730,0.943
440.760,0.973
440.790,0.965
440.820,0.958
440.850,0.953
440.880,0.962
440.910,0.997
440.940,1.006
440.970,1.000
441.000,0.987
441.030,0.989
441.060,0.997
441.090,0.978
441.120,0.948
441.150,0.914
441.180,0.949
441.210,0.918
441.240,0.923
441.270,0.964
441.300,0.960
441.330,0.980
441.360,1.020
441.390,1.015
441.420,1.061
441.450,1.049
441.480,1.015
441.510,1.000
441.540,1.001
441.570,0.988
441.600,0.965
441.630,0.950
441.660,0.943
441.690,0.956
441.720,0.968
441.750,0.938
441.780,0.926
441.810,0.924
441.840,0.958
441.870,0.995
441.900,0.994
441.930,1.005
441.960,1.008
441.990,1.015
442.020,0.996
442.050,0.975
442.080,0.970
442.110,0.965
442.140,0.964
442.170,0.964
442.200,0.983
442.230,0.987
442.260,0.987
442.290,0.980
442.320,0.980
442.350,0.978
442.380,0.970
442.410,0.958
442.440,0.967
442.470,0.979
442.500,0.974
442.530,0.974
442.560,0.975
442.590,0.981
442.620,0.976
442.650,0.974
442.680,0.979
442.710,0.983
442.740,0.971
442.770,0.972
442.800,0.978
442.830,0.978
442.860,0.980
442.890,0.981
442.920,0.981
442.950,0.979
442.980,0.968
443.010,0.968
443.040,0.970
443.070,0.968
443.100,0.977
443.130,0.975
443.160,0.970
443.190,0.975
443.220,0.979
443.250,0.970
443.280,0.973
443.310,0.977
443.340,0.980
443.370,0.971
443.400,0.973
443.430,0.977
443.460,0.979
443.490,0.978
443.520,0.976
443.550,0.976
443.580,0.978
443.610,0.971
443.640,0.974
443.670,0.984
443.700,0.972
443.730,0.981
443.760,0.986
443.790,0.974
443.820,0.979
443.850,0.975
443.880,0.974
443.910,0.972
443.940,0.980
443.970,0.975
444.000,0.974
444.030,0.975
444.060,0.977
444.090,0.974
444.120,0.978
444.150,0.979
444.180,0.973
444.210,0.983
444.240,0.980
444.270,0.971
444.300,0.975
444.330,0.978
444.360,0.969
444.390,0.974
444.420,0.983
444.450,0.979
444.480,0.975
444.510,0.978
444.540,0.970
444.570,0.975
444.600,0.980
444.630,0.971
444.660,0.979
444.690,0.984
444.720,0.977
444.750,0.976
444.780,0.969
444.810,0.975
444.840,0.982
444.870,0.978
444.900,0.970
444.930,0.980
444.960,0.979
444.990,0.972
445.020,0.975
445.050,0.973
445.080,0.975
445.110,0.976
445.140,0.982
445.170,0.979
445.200,0.978
445.230,0.979
445.260,0.971
445.290,0.975
445.320,0.981
445.350,0.980
445.380,0.978
445.410,0.977
445.440,0.979
445.470,0.973
445.500,0.972
445.530,0.981
445.560,0.974
445.590,0.972
445.620,0.975
445.650,0.977
445.680,0.974
445.710,0.974
445.740,0.979
445.770,0.973
445.800,0.974
445.830,0.979
445.860,0.977
445.890,0.976
445.920,0.972
445.950,0.972
445.980,0.979
446.010,0.978
446.040,0.977
446.070,0.977
446.100,0.980
446.130,0.977
446.160,0.977
446.190,0.970
446.220,0.971
446.250,0.983
446.280,0.980
446.310,0.974
446.340,0.979
446.370,0.972
446.400,0.971
446.430,0.972
446.460,0.973
446.490,0.972
446.520,0.985
446.550,0.980
446.580,0.969
446.610,0.977
446.640,0.974
446.670,0.972
446.700,0.975
446.730,0.975
446.760,0.980
446.790,0.979
446.820,0.977
446.850,0.976
446.880,0.971
446.910,0.969
446.940,0.980
446.970,0.972
447.000,0.971
447.030,0.976
447.060,0.974
447.090,0.967
447.120,0.970
447.150,0.978
447.180,0.976
447.210,0.977
447.240,0.980
447.270,0.975
447.300,0.977
447.330,0.973
447.360,0.971
447.390,0.970
447.420,0.979
447.450,0.978
447.480,0.978
447.510,0.981
447.540,0.976
447.570,0.970
447.600,0.975
447.630,0.985
447.660,0.975
447.690,0.972
447.720,0.977
447.750,0.979
447.780,0.976
447.810,0.974
447.840,0.982
447.870,0.982
447.900,1.002
447.930,0.987
447.960,0.978
447.990,0.974
448.020,0.970
448.050,0.970
448.080,0.965
448.110,0.972
448.140,0.971
448.170,0.962
448.200,0.971
448.230,0.964
448.260,0.988
448.290,0.968
448.320,0.966
448.350,0.973
448.380,0.971
448.410,0.976
448.440,0.970
448.470,0.982
448.500,0.974
448.530,0.971
448.560,0.973
448.590,0.972
448.620,0.972
448.650,0.968
448.680,0.967
448.710,0.975
448.740,0.976
448.770,0.978
448.800,0.981
448.830,0.984
448.860,0.972
448.890,0.973
448.920,0.980
448.950,0.966
448.980,0.971
449.010,0.981
449.040,0.958
449.070,0.991
449.100,0.974
449.130,0.981
449.160,0.984
449.190,0.964
449.220,0.959
449.250,0.980
449.280,0.964
449.310,0.963
449.340,0.986
449.370,0.976
449.400,0.983
449.430,0.988
449.460,0.963
449.490,0.964
449.520,0.963
449.550,0.971
449.580,0.967
449.610,0.981
449.640,0.993
449.670,0.949
449.700,0.986
449.730,0.985
449.760,0.958
449.790,0.967
449.820,0.973
449.850,0.965
449.880,0.974
449.910,0.973
449.940,0.972
449.970,0.976
450.000,0.972
450.030,0.992
450.060,0.987
450.090,0.996
450.120,0.971
450.150,0.970
450.180,0.963
450.210,0.979
450.240,0.987
450.270,0.969
450.300,0.964
450.330,0.981
450.360,0.990
450.390,0.976
450.420,0.970
450.450,0.972
450.480,0.971
450.510,0.976
450.540,0.979
450.570,0.976
450.600,0.980
450.630,0.977
450.660,0.976
450.690,0.966
450.720,0.972
450.750,0.980
450.780,0.975
450.810,0.971
450.840,0.978
450.870,0.975
450.900,0.977
450.930,0.973
450.960,0.964
450.990,0.972
451.020,0.980
451.050,0.978
451.080,0.973
451.110,0.976
451.140,0.973
451.170,0.975
451.200,0.971
451.230,0.974
451.260,0.978
451.290,0.980
451.320,0.971
451.350,0.976
451.380,0.978
451.410,0.968
451.440,0.976
451.470,0.976
451.500,0.977
451.530,0.974
451.560,0.971
451.590,0.976
451.620,0.973
451.650,0.978
451.680,0.965
451.710,0.979
451.740,0.978
451.770,0.978
451.800,0.976
451.830,0.986
451.860,0.991
451.890,0.982
451.920,0.977
451.950,0.968
451.980,0.966
452.010,0.966
452.040,0.974
452.070,0.977
452.100,0.968
452.130,0.979
452.160,0.975
452.190,0.979
452.220,0.980
452.250,0.980
452.280,0.980
452.310,0.977
452.340,0.977
452.370,0.975
452.400,0.974
452.430,0.970
452.460,0.976
452.490,0.978
452.520,0.976
452.550,0.976
452.580,0.977
452.610,0.978
452.640,0.973
452.670,0.974
452.700,0.975
452.730,0.973
452.760,0.976
452.790,0.981
452.820,0.979
452.850,0.971
452.880,0.971
452.910,0.974
452.940,0.973
452.970,0.979
453.000,0.978
453.030,0.975
453.060,0.979
453.090,0.978
453.120,0.970
453.150,0.972
453.180,0.978
453.210,0.972
453.240,0.980
453.270,0.980
453.300,0.978
453.330,0.978
453.360,0.978
453.390,0.971
453.420,0.972
453.450,0.983
453.480,0.977
453.510,0.978
453.540,0.974
453.570,0.978
453.600,0.977
453.630,0.974
453.660,0.966
453.690,0.977
453.720,0.978
453.750,0.979
453.780,0.979
453.810,0.979
453.840,0.973
453.870,0.973
453.900,0.979
453.930,0.968
453.960,0.979
453.990,0.981
454.020,0.980
454.050,0.975
454.080,0.973
454.110,0.973
454.140,0.977
454.170,0.979
454.200,0.974
454.230,0.978
454.260,0.981
454.290,0.976
454.320,0.979
454.350,0.973
454.380,0.969
454.410,0.980
454.440,0.980
454.470,0.976
454.500,0.980
454.530,0.977
454.560,0.968
454.590,0.971
454.620,0.975
454.650,0.972
454.680,0.983
454.710,0.978
454.740,0.974
454.770,0.975
454.800,0.977
454.830,0.974
454.860,0.974
454.890,0.979
454.920,0.978
454.950,0.977
454.980,0.975
455.010,0.984
455.040,0.973
455.070,0.975
455.100,0.971
455.130,0.974
455.160,0.981
455.190,0.976
455.220,0.975
455.250,0.977
455.280,0.979
455.310,0.970
455.340,0.972
455.370,0.972
455.400,0.971
455.430,0.981
455.460,0.979
455.490,0.971
455.520,0.972
455.550,0.976
455.580,0.974
455.610,0.976
455.640,0.979
455.670,0.977
455.700,0.979
455.730,0.978
455.760,0.975
455.790,0.975
455.820,0.971
455.850,0.970
455.880,0.982
455.910,0.979
455.940,0.975
455.970,0.977
456.000,0.976
456.030,0.971
456.060,0.973
456.090,0.982
456.120,0.976
456.150,0.984
456.180,0.981
456.210,0.970
456.240,0.968
456.270,0.968
456.300,0.966
456.330,0.977
456.360,0.983
456.390,0.988
456.420,0.983
456.450,0.976
456.480,0.972
456.510,0.963
456.540,0.970
456.570,0.984
456.600,0.974
456.630,0.976
456.660,0.976
456.690,0.976
456.720,0.979
456.750,0.970
456.780,0.980
456.810,0.976
456.840,0.979
456.870,0.980
456.900,0.977
456.930,0.977
456.960,0.977
456.990,0.972
457.020,0.971
457.050,0.978
457.080,0.984
457.110,0.979
457.140,0.975
457.170,0.972
457.200,0.967
457.230,0.974
457.260,0.983
457.290,0.976
457.320,0.978
457.350,0.977
457.380,0.972
457.410,0.965
457.440,0.974
457.470,0.979
457.500,0.980
457.530,0.982
457.560,0.979
457.590,0.970
457.620,0.975
457.650,0.976
457.680,0.972
457.710,0.971
457.740,0.978
457.770,0.980
457.800,0.984
457.830,0.972
457.860,0.975
457.890,0.971
457.920,0.974
457.950,0.984
457.980,0.982
458.010,0.978
458.040,0.980
458.070,0.973
458.100,0.971
458.130,0.979
458.160,0.970
458.190,0.974
458.220,0.981
458.250,0.979
458.280,0.975
458.310,0.977
458.340,0.973
458.370,0.971
458.400,0.978
458.430,0.976
458.460,0.976
458.490,0.979
458.520,0.974
458.550,0.978
458.580,0.973
458.610,0.976
458.640,0.984
458.670,0.979
458.700,0.973
458.730,0.975
458.760,0.970
458.790,0.972
458.820,0.977
458.850,0.980
458.880,0.967
458.910,0.972
458.940,0.977
458.970,0.980
459.000,0.986
459.030,0.983
459.060,0.969
459.090,0.968
459.120,0.976
459.150,0.979
459.180,0.979
459.210,0.982
459.240,0.975
459.270,0.972
459.300,0.980
459.330,0.979
459.360,0.973
459.390,0.979
459.420,0.978
459.450,0.974
459.480,0.975
459.510,0.975
459.540,0.973
459.570,0.979
459.600,0.979
459.630,0.973
459.660,0.973
459.690,0.967
459.720,0.965
459.750,0.979
459.780,0.977
459.810,0.979
459.840,0.989
459.870,0.985
459.900,0.981
459.930,0.980
459.960,0.978
459.990,0.981
460.020,0.978
460.050,0.980
460.080,0.973
460.110,0.991
460.140,0.993
460.170,0.988
460.200,1.001
460.230,0.971
460.260,0.943
460.290,0.956
460.320,0.982
460.350,0.995
460.380,1.008
460.410,0.974
460.440,0.987
460.470,0.983
460.500,0.979
460.530,0.958
460.560,0.938
460.590,0.949
460.620,0.966
460.650,0.979
460.680,0.978
460.710,0.981
460.740,0.995
460.770,0.996
460.800,0.980
460.830,0.976
460.860,0.967
460.890,0.977
460.920,0.976
460.950,0.972
460.980,0.986
461.010,0.987
461.040,0.980
461.070,0.984
461.100,0.981
461.130,0.987
461.160,0.991
461.190,0.975
461.220,0.966
461.250,1.013
461.280,0.965
461.310,0.997
461.340,0.971
461.370,0.963
461.400,0.967
461.430,0.978
461.460,1.001
461.490,0.992
461.520,0.964
461.550,0.971
461.580,0.985
461.610,0.964
461.640,0.960
461.670,0.972
461.700,0.974
461.730,0.963
461.760,0.973
461.790,1.002
461.820,0.984
461.850,0.985
461.880,0.984
461.910,0.974
461.940,0.973
461.970,0.979
462.000,0.983
462.030,0.980
462.060,0.987
462.090,0.970
462.120,0.980
462.150,0.983
462.180,0.988
462.210,0.975
462.240,0.970
462.270,0.980
462.300,0.988
462.330,0.979
462.360,0.972
462.390,0.963
462.420,0.983
462.450,0.994
462.480,0.976
462.510,0.980
462.540,0.970
462.570,0.984
462.600,0.980
462.630,0.976
462.660,0.974
462.690,0.984
462.720,0.987
462.750,0.978
462.780,0.978
462.810,0.974
462.840,0.978
462.870,0.986
462.900,0.977
462.930,0.970
462.960,0.977
462.990,0.982
463.020,0.975
463.050,0.974
463.080,0.979
463.110,0.967
463.140,0.974
463.170,0.979
463.200,0.978
463.230,0.979
463.260,0.981
463.290,0.977
463.320,0.971
463.350,0.976
463.380,0.981
463.410,0.976
463.440,0.974
463.470,0.978
463.500,0.981
463.530,0.978
463.560,0.979
463.590,0.981
463.620,0.978
463.650,0.973
463.680,0.970
463.710,0.981
463.740,0.977
463.770,0.981
463.800,0.981
463.830,0.976
463.860,0.976
463.890,0.976
463.920,0.971
463.950,0.976
463.980,0.984
464.010,0.982
464.040,0.981
464.070,0.975
464.100,0.975
464.130,0.981
464.160,0.977
464.190,0.976
464.220,0.978
464.250,0.979
464.280,0.977
464.310,0.975
464.340,0.978
464.370,0.977
464.400,0.981
464.430,0.979
464.460,0.974
464.490,0.975
464.520,0.975
464.550,0.975
464.580,0.979
464.610,0.980
464.640,0.983
464.670,0.976
464.700,0.973
464.730,0.974
464.760,0.975
464.790,0.985
464.820,0.978
464.850,0.976
464.880,0.976
464.910,0.975
464.940,0.978
464.970,0.978
465.000,0.973
465.030,0.980
465.060,0.984
465.090,0.977
465.120,0.975
465.150,0.973
465.180,0.974
465.210,0.978
465.240,0.984
465.270,0.979
465.300,0.982
465.330,0.975
465.360,0.974
465.390,0.973
465.420,0.975
465.450,0.988
465.480,0.976
465.510,0.977
465.540,0.982
465.570,0.970
465.600,0.972
465.630,0.977
465.660,0.972
465.690,0.979
465.720,0.983
465.750,0.979
465.780,0.971
465.810,0.978
465.840,0.976
465.870,0.976
465.900,0.982
465.930,0.980
465.960,0.979
465.990,0.977
466.020,0.978
466.050,0.975
466.080,0.980
466.110,0.975
466.140,0.976
466.170,0.983
466.200,0.975
466.230,0.978
466.260,0.982
466.290,0.978
466.320,0.972
466.350,0.970
466.380,0.974
466.410,0.979
466.440,0.984
466.470,0.982
466.500,0.976
466.530,0.976
466.560,0.973
466.590,0.977
466.620,0.980
466.650,0.984
466.680,0.978
466.710,0.980
466.740,0.978
466.770,0.977
466.800,0.976
466.830,0.971
466.860,0.972
466.890,0.987
466.920,0.978
466.950,0.977
466.980,0.982
467.010,0.978
467.040,0.972
467.070,0.975
467.100,0.980
467.130,0.974
467.160,0.980
467.190,0.979
467.220,0.980
467.250,0.978
467.280,0.974
467.310,0.971
467.340,0.980
467.370,0.981
467.400,0.977
467.430,0.978
467.460,0.979
467.490,0.979
467.520,0.978
467.550,0.972
467.580,0.969
467.610,0.982
467.640,0.985
467.670,0.972
467.700,0.982
467.730,0.979
467.760,0.969
467.790,0.974
467.820,0.980
467.850,0.972
467.880,0.979
467.910,0.985
467.940,0.979
467.970,0.972
468.000,0.974
468.030,0.976
468.060,0.978
468.090,0.982
468.120,0.977
468.150,0.978
468.180,0.979
468.210,0.982
468.240,0.976
468.270,0.980
468.300,0.974
468.330,0.976
468.360,0.985
468.390,0.978
468.420,0.974
468.450,0.980
468.480,0.979
468.510,0.972
468.540,0.975
468.570,0.976
468.600,0.979
468.630,0.985
468.660,0.982
468.690,0.973
468.720,0.976
468.750,0.975
468.780,0.976
468.810,0.977
468.840,0.982
468.870,0.982
468.900,0.980
468.930,0.980
468.960,0.974
468.990,0.975
469.020,0.974
469.050,0.976
469.080,0.980
469.110,0.980
469.140,0.979
469.170,0.979
469.200,0.978
469.230,0.970
469.260,0.973
469.290,0.980
469.320,0.975
469.350,0.982
469.380,0.981
469.410,0.977
469.440,0.973
469.470,0.977
469.500,0.976
469.530,0.978
469.560,0.980
469.590,0.976
469.620,0.978
469.650,0.976
469.680,0.976
469.710,0.976
469.740,0.978
469.770,0.975
469.800,0.973
469.830,0.988
469.860,0.979
469.890,0.969
469.920,0.983
469.950,0.981
469.980,0.975
470.010,0.978
470.040,0.979
470.070,0.973
470.100,0.979
470.130,0.982
470.160,0.978
470.190,0.972
470.220,0.975
470.250,0.975
470.280,0.979
470.310,0.981
470.340,0.978
470.370,0.979
470.400,0.976
470.430,0.980
470.460,0.972
470.490,0.979
470.520,0.973
470.550,0.977
470.580,0.982
470.610,0.977
470.640,0.979
470.670,0.982
470.700,0.977
470.730,0.974
470.760,0.971
470.790,0.975
470.820,0.972
470.850,0.982
470.880,0.982
470.910,0.981
470.940,0.980
470.970,0.975
471.000,0.971
471.030,0.979
471.060,0.976
471.090,0.975
471.120,0.978
471.150,0.975
471.180,0.979
471.210,0.968
471.240,0.975
471.270,0.979
471.300,0.985
471.330,0.985
471.360,0.976
471.390,0.979
471.420,0.976
471.450,0.973
471.480,0.978
471.510,0.978
471.540,0.971
471.570,0.978
471.600,0.982
471.630,0.980
471.660,0.976
471.690,0.975
471.720,0.973
471.750,0.973
471.780,0.977
471.810,0.979
471.840,0.984
471.870,0.975
471.900,0.978
471.930,0.972
471.960,0.977
471.990,0.981
472.020,0.977
472.050,0.976
472.080,0.975
472.110,0.979
472.140,0.974
472.170,0.975
472.200,0.981
472.230,0.972
472.260,0.979
472.290,0.983
472.320,0.977
472.350,0.975
472.380,0.973
472.410,0.971
472.440,0.977
472.470,0.979
472.500,0.984
472.530,0.981
472.560,0.981
472.590,0.975
472.620,0.979
472.650,0.977
472.680,0.973
472.710,0.986
472.740,0.973
472.770,0.975
472.800,0.983
472.830,0.976
472.860,0.971
472.890,0.972
472.920,0.978
472.950,0.977
472.980,0.985
473.010,0.981
473.040,0.975
473.070,0.975
473.100,0.975
473.130,0.977
473.160,0.981
473.190,0.980
473.220,0.979
473.250,0.980
473.280,0.972
473.310,0.975
473.340,0.974
473.370,0.980
473.400,0.982
473.430,0.975
473.460,0.976
473.490,0.978
473.520,0.979
473.550,0.973
473.580,0.974
473.610,0.980
473.640,0.974
473.670,0.984
473.700,0.978
473.730,0.973
473.760,0.974
473.790,0.976
473.820,0.977
473.850,0.981
473.880,0.976
473.910,0.982
473.940,0.979
473.970,0.978
474.000,0.971
474.030,0.978
474.060,0.975
474.090,0.975
474.120,0.981
474.150,0.978
474.180,0.976
474.210,0.984
474.240,0.977
474.270,0.975
474.300,0.978
474.330,0.980
474.360,0.977
474.390,0.981
474.420,0.982
474.450,0.976
474.480,0.976
474.510,0.975
474.540,0.975
474.570,0.980
474.600,0.982
474.630,0.976
474.660,0.980
474.690,0.976
474.720,0.977
474.750,0.973
474.780,0.981
474.810,0.974
474.840,0.979
474.870,0.981
474.900,0.977
474.930,0.977
474.960,0.978
474.990,0.972
475.020,0.969
475.050,0.975
475.080,0.979
475.110,0.978
475.140,0.984
475.170,0.980
475.200,0.977
475.230,0.974
475.260,0.973
475.290,0.977
475.320,0.981
475.350,0.978
475.380,0.975
475.410,0.978
475.440,0.979
475.470,0.982
475.500,0.976
475.530,0.975
475.560,0.973
475.590,0.974
475.620,0.986
475.650,0.980
475.680,0.973
475.710,0.982
475.740,0.975
475.770,0.970
475.800,0.973
475.830,0.986
475.860,0.976
475.890,0.984
475.920,0.983
475.950,0.976
475.980,0.975
476.010,0.975
476.040,0.970
476.070,0.977
476.100,0.981
476.130,0.981
476.160,0.972
476.190,0.976
476.220,0.980
476.250,0.977
476.280,0.974
476.310,0.973
476.340,0.973
476.370,0.985
476.400,0.979
476.430,0.978
476.460,0.980
476.490,0.978
476.520,0.971
476.550,0.979
476.580,0.984
476.610,0.975
476.640,0.983
476.670,0.982
476.700,0.979
476.730,0.975
476.760,0.976
476.790,0.974
476.820,0.979
476.850,0.986
476.880,0.977
476.910,0.974
476.940,0.978
476.970,0.981
477.000,0.968
477.030,0.976
477.060,0.977
477.090,0.979
477.120,0.983
477.150,0.980
477.180,0.980
477.210,0.992
477.240,1.007
477.270,0.986
477.300,0.986
477.330,0.979
477.360,0.965
477.390,0.969
477.420,0.987
477.450,0.979
477.480,0.984
477.510,0.967
477.540,0.972
477.570,0.976
477.600,0.970
477.630,0.967
477.660,0.973
477.690,0.967
477.720,0.973
477.750,0.970
477.780,0.960
477.810,0.966
477.840,0.961
477.870,0.960
477.900,0.958
477.930,0.974
477.960,0.973
477.990,0.957
478.020,0.975
478.050,0.970
478.080,0.942
478.110,0.961
478.140,0.972
478.170,0.973
478.200,0.977
478.230,0.980
478.260,0.976
478.290,0.982
478.320,0.979
478.350,0.978
478.380,0.974
478.410,0.974
478.440,0.970
478.470,0.970
478.500,0.975
478.530,0.976
478.560,0.972
478.590,0.986
478.620,0.983
478.650,0.988
478.680,0.987
478.710,0.970
478.740,0.969
478.770,0.961
478.800,0.970
478.830,0.958
478.860,0.956
478.890,0.958
478.920,0.966
478.950,0.947
478.980,0.956
479.010,0.977
479.040,0.984
479.070,0.977
479.100,0.960
479.130,0.981
479.160,0.996
479.190,1.000
479.220,0.974
479.250,0.986
479.280,0.981
479.310,0.939
479.340,0.937
479.370,0.945
479.400,0.966
479.430,0.974
479.460,0.981
479.490,0.984
479.520,0.988
479.550,0.976
479.580,0.952
479.610,0.965
479.640,0.974
479.670,0.982
479.700,0.993
479.730,0.992
479.760,0.993
479.790,0.973
479.820,0.968
479.850,0.955
479.880,0.945
479.910,0.958
479.940,0.969
479.970,0.977
480.000,0.990
480.030,0.995
480.060,0.984
480.090,0.972
480.120,0.965
480.150,0.951
480.180,0.960
480.210,0.968
480.240,0.974
480.270,0.980
480.300,0.991
480.330,0.983
480.360,0.972
480.390,0.971
480.420,0.962
480.450,0.967
480.480,0.967
480.510,0.965
480.540,0.975
480.570,0.982
480.600,0.986
480.630,0.979
480.660,0.975
480.690,0.982
480.720,0.979
480.750,0.982
480.780,0.991
480.810,1.005
480.840,1.017
480.870,1.027
480.900,1.018
480.930,1.002
480.960,0.990
480.990,0.985
481.020,0.973
481.050,0.984
481.080,1.011
481.110,0.998
481.140,0.967
481.170,0.986
481.200,0.972
481.230,0.942
481.260,0.945
481.290,0.980
481.320,0.944
481.350,0.939
481.380,0.959
481.410,0.964
481.440,0.980
481.470,0.967
481.500,0.953
481.530,0.993
481.560,0.984
481.590,0.943
481.620,0.952
481.650,0.917
481.680,0.925
481.710,0.927
481.740,0.951
481.770,0.979
481.800,0.944
481.830,0.941
481.860,1.013
481.890,1.040
481.920,1.005
481.950,1.018
481.980,1.037
482.010,1.004
482.040,1.032
482.070,1.077
482.100,1.006
482.130,0.945
482.160,0.883
482.190,0.914
482.220,0.926
482.250,0.939
482.280,1.043
482.310,1.031
482.340,1.140
482.370,1.124
482.400,1.028
482.430,1.063
482.460,1.052
482.490,0.999
482.520,0.976
482.550,0.955
482.580,0.942
482.610,0.945
482.640,0.963
482.670,0.978
482.700,1.009
482.730,1.011
482.760,1.012
482.790,1.011
482.820,1.010
482.850,0.998
482.880,1.015
482.910,1.013
482.940,1.022
482.970,1.003
483.000,0.988
483.030,0.965
483.060,0.989
483.090,0.958
483.120,0.957
483.150,0.968
483.180,0.956
483.210,0.970
483.240,0.979
483.270,0.976
483.300,0.993
483.330,0.981
483.360,0.975
483.390,0.992
483.420,1.023
483.450,0.999
483.480,0.997
483.510,1.006
483.540,1.015
483.570,1.004
483.600,0.994
483.630,1.000
483.660,0.975
483.690,0.976
483.720,0.994
483.750,1.013
483.780,1.004
483.810,0.998
483.840,0.989
483.870,0.965
483.900,0.970
483.930,0.982
483.960,0.978
483.990,1.000
484.020,1.013
484.050,0.991
484.080,0.988
484.110,0.992
484.140,0.956
484.170,0.993
484.200,1.028
484.230,0.984
484.260,0.996
484.290,0.992
484.320,0.985
484.350,0.987
484.380,0.969
484.410,0.962
484.440,0.960
484.470,0.979
484.500,0.955
484.530,0.949
484.560,0.944
484.590,1.003
484.620,1.015
484.650,1.017
484.680,1.045
484.710,1.048
484.740,1.017
484.770,1.004
484.800,0.976
484.830,0.987
484.860,1.010
484.890,0.994
484.920,0.994
484.950,0.994
484.980,0.981
485.010,0.996
485.040,0.997
485.070,1.001
485.100,0.984
485.130,0.994
485.160,0.991
485.190,0.981
485.220,1.015
485.250,1.008
485.280,0.992
485.310,0.973
485.340,0.987
485.370,0.997
485.400,0.977
485.430,0.987
485.460,0.986
485.490,0.994
485.520,0.988
485.550,0.984
485.580,0.980
485.610,0.970
485.640,0.981
485.670,0.990
485.700,1.005
485.730,1.010
485.760,1.000
485.790,0.992
485.820,0.984
485.850,0.984
485.880,0.984
485.910,0.981
485.940,0.981
485.970,0.978
486.000,0.987
486.030,1.003
486.060,1.032
486.090,1.057
486.120,1.022
486.150,1.059
486.180,1.059
486.210,1.074
486.240,1.078
486.270,1.061
486.300,1.014
486.330,0.993
486.360,0.993
486.390,0.958
486.420,0.959
486.450,0.980
486.480,0.960
486.510,0.941
486.540,0.969
486.570,0.965
486.600,0.961
486.630,0.940
486.660,0.956
486.690,0.955
486.720,0.979
486.750,0.982
486.780,0.982
486.810,0.990
486.840,0.994
486.870,0.995
486.900,0.995
486.930,0.978
486.960,0.966
486.990,0.980
487.020,0.975
487.050,0.989
487.080,1.011
487.110,0.971
487.140,0.965
487.170,0.998
487.200,1.000
487.230,0.983
487.260,0.961
487.290,0.955
487.320,0.937
487.350,1.007
487.380,1.021
487.410,1.013
487.440,0.968
487.470,1.007
487.500,0.988
487.530,0.965
487.560,0.994
487.590,1.061
487.620,1.013
487.650,1.030
487.680,0.963
487.710,0.989
487.740,1.021
487.770,0.970
487.800,0.999
487.830,1.007
487.860,0.996
487.890,0.980
487.920,0.954
487.950,0.956
487.980,0.976
488.010,0.998
488.040,0.952
488.070,0.943
488.100,1.019
488.130,0.983
488.160,1.018
488.190,1.029
488.220,0.995
488.250,1.021
488.280,1.017
488.310,1.028
488.340,1.044
488.370,1.048
488.400,1.042
488.430,1.022
488.460,1.043
488.490,1.032
488.520,0.988
488.550,0.991
488.580,0.990
488.610,0.965
488.640,1.014
488.670,1.100
488.700,1.078
488.730,1.013
488.760,1.158
488.790,1.049
488.820,0.991
488.850,1.017
488.880,0.974
488.910,0.981
488.940,1.021
488.970,0.982
489.000,0.953
489.030,0.970
489.060,0.983
489.090,0.950
489.120,1.014
489.150,0.939
489.180,0.928
489.210,0.997
489.240,1.006
489.270,1.026
489.300,1.000
489.330,0.973
489.360,0.992
489.390,0.998
489.420,0.979
489.450,0.989
489.480,1.043
489.510,1.031
489.540,1.040
489.570,1.038
489.600,1.013
489.630,1.057
489.660,1.057
489.690,1.033
489.720,1.024
489.750,1.026
489.780,1.022
489.810,1.023
489.840,0.990
489.870,1.007
489.900,1.012
489.930,1.010
489.960,1.010
489.990,0.978
490.020,0.960
490.050,0.953
490.080,0.960
490.110,0.947
490.140,0.956
490.170,0.973
490.200,0.955
490.230,0.939
490.260,0.954
490.290,0.954
490.320,0.920
490.350,0.912
490.380,0.977
490.410,0.957
490.440,0.944
490.470,0.973
490.500,0.944
490.530,0.932
490.560,0.937
490.590,0.958
490.620,0.914
490.650,0.917
490.680,0.949
490.710,0.967
490.740,0.979
490.770,1.039
490.800,1.029
490.830,1.031
490.860,1.095
490.890,1.165
490.920,1.126
490.950,1.191
490.980,1.283
491.010,1.327
491.040,1.206
491.070,1.084
491.100,1.057
491.130,0.983
491.160,0.891
491.190,0.858
491.220,0.880
491.250,0.829
491.280,0.818
491.310,0.863
491.340,0.912
491.370,0.929
491.400,0.972
491.430,0.996
491.460,1.033
491.490,1.090
491.520,1.121
491.550,1.148
491.580,1.185
491.610,1.179
491.640,1.018
491.670,0.886
491.700,0.870
491.730,0.886
491.760,0.898
491.790,0.968
491.820,0.979
491.850,1.022
491.880,1.035
491.910,1.004
491.940,0.957
491.970,0.939
492.000,1.004
492.030,0.927
492.060,0.952
492.090,0.979
492.120,0.953
492.150,1.002
492.180,0.969
492.210,0.954
492.240,0.976
492.270,0.957
492.300,0.964
492.330,0.973
492.360,0.969
492.390,0.965
492.420,0.971
492.450,0.965
492.480,0.968
492.510,0.966
492.540,0.984
492.570,0.972
492.600,0.933
492.630,0.995
492.660,0.946
492.690,0.973
492.720,0.997
492.750,0.976
492.780,0.984
492.810,0.936
492.840,0.964
492.870,0.969
492.900,0.937
492.930,0.972
492.960,0.962
492.990,0.972
493.020,0.967
493.050,0.979
493.080,0.973
493.110,0.965
493.140,0.976
493.170,0.973
493.200,0.971
493.230,0.968
493.260,0.964
493.290,0.960
493.320,0.961
493.350,0.980
493.380,0.983
493.410,0.995
493.440,0.970
493.470,0.965
493.500,0.995
493.530,0.954
493.560,0.943
493.590,0.975
493.620,0.964
493.650,0.982
493.680,1.020
493.710,0.979
493.740,0.975
493.770,0.992
493.800,0.919
493.830,0.932
493.860,0.930
493.890,0.950
493.920,0.989
493.950,0.961
493.980,0.974
494.010,0.975
494.040,0.977
494.070,0.978
494.100,0.956
494.130,0.977
494.160,0.936
494.190,0.958
494.220,0.976
494.250,0.965
494.280,0.975
494.310,1.007
494.340,0.982
494.370,0.935
494.400,0.961
494.430,0.966
494.460,0.975
494.490,1.019
494.520,1.006
494.550,0.979
494.580,0.997
494.610,1.013
494.640,1.007
494.670,0.995
494.700,0.974
494.730,1.001
494.760,1.022
494.790,1.000
494.820,0.933
494.850,0.966
494.880,0.995
494.910,0.953
494.940,0.929
494.970,0.983
495.000,0.985
495.030,0.963
495.060,0.972
495.090,0.978
495.120,0.969
495.150,0.978
495.180,1.002
495.210,1.002
495.240,0.965
495.270,0.981
495.300,0.996
495.330,0.982
495.360,0.987
495.390,0.988
495.420,0.974
495.450,0.980
495.480,0.990
495.510,0.990
495.540,0.995
495.570,1.004
495.600,0.995
495.630,0.979
495.660,0.982
495.690,0.968
495.720,1.002
495.750,1.001
495.780,0.989
495.810,0.988
495.840,0.995
495.870,0.991
495.900,1.003
495.930,1.011
495.960,0.998
495.990,0.995
496.020,0.988
496.050,0.986
496.080,1.000
496.110,1.001
496.140,0.999
496.170,0.994
496.200,0.998
496.230,0.985
496.260,0.976
496.290,0.997
496.320,0.993
496.350,0.984
496.380,1.002
496.410,0.985
496.440,0.981
496.470,1.001
496.500,0.995
496.530,0.978
496.560,0.982
496.590,0.991
496.620,0.991
496.650,0.981
496.680,0.979
496.710,0.984
496.740,0.994
496.770,0.997
496.800,1.003
496.830,1.002
496.860,0.989
496.890,0.991
496.920,0.989
496.950,0.998
496.980,1.008
497.010,1.002
497.040,1.015
497.070,0.990
497.100,0.973
497.130,0.976
497.160,0.966
497.190,0.951
497.220,0.973
497.250,0.978
497.280,0.984
497.310,0.998
497.340,0.997
497.370,0.997
497.400,0.984
497.430,0.972
497.460,0.981
497.490,0.992
497.520,0.990
497.550,0.994
497.580,1.006
497.610,0.996
497.640,0.994
497.670,0.993
497.700,0.996
497.730,0.995
497.760,0.994
497.790,0.997
497.820,1.006
497.850,1.005
497.880,0.994
497.910,0.991
497.940,0.986
497.970,0.991
498.000,0.990
498.030,0.998
498.060,1.001
498.090,1.001
498.120,1.000
498.150,0.999
498.180,0.979
498.210,0.984
498.240,0.997
498.270,0.994
498.300,0.998
498.330,1.004
498.360,0.990
498.390,0.988
498.420,0.982
498.450,0.980
498.480,0.987
498.510,0.991
498.540,0.997
498.570,0.993
498.600,1.000
498.630,0.995
498.660,0.982
498.690,0.987
498.720,0.991
498.750,0.993
498.780,0.990
498.810,0.997
498.840,1.001
498.870,0.989
498.900,0.981
498.930,0.980
498.960,0.982
498.990,0.996
499.020,0.998
499.050,0.993
499.080,0.995
499.110,0.996
499.140,0.986
499.170,0.979
499.200,0.989
499.230,0.991
499.260,0.996
499.290,0.993
499.320,1.001
499.350,0.994
499.380,0.988
